3330  
36 
1.000000 0.000000 0.000000 0.000000  
0.000000 1.000000 0.000000 0.000000  
0.000000 0.000000 1.000000 0.000000  
0.000000 0.000000 0.000000 1.000000  
0.424719 0.000000 0.000000 0.000000  
0.000000 0.000000 -0.424719 0.000000  
0.000000 0.424719 0.000000 0.000000  
0.000000 82.344162 0.000000 1.000000  
0.766044 0.000000 -0.642788 0.000000  
-0.642788 -0.000000 -0.766044 0.000000  
-0.000000 1.000000 -0.000000 0.000000  
0.000000 57.836868 -0.000000 1.000000  
1.000000 -0.000000 0.000000 0.000000  
0.000000 0.000000 -1.000000 0.000000  
0.000000 1.000000 0.000000 0.000000  
0.000000 0.103996 -0.000000 1.000000  
-0.031632 0.998788 -0.037698 0.000000  
0.766044 -0.000000 -0.642789 0.000000  
-0.642010 -0.049211 -0.765116 0.000000  
0.000000 57.836868 -0.000000 1.000000  
-0.282703 -0.017396 -0.316484 0.000000  
-0.315117 0.061122 0.278122 0.000000  
0.034154 0.419937 -0.053591 0.000000  
1.715858 80.417908 -1.620602 1.000000  
-0.238807 0.022007 -0.350533 0.000000  
-0.351164 -0.022714 0.237811 0.000000  
-0.006425 0.423539 0.030967 0.000000  
1.212665 79.867844 -1.371796 1.000000  
-0.238807 0.022006 -0.350533 0.000000  
-0.318591 0.164854 0.227395 0.000000  
0.147841 0.390800 -0.076185 0.000000  
-2.833231 81.935165 1.514337 1.000000  
-0.271511 -0.070281 -0.318949 0.000000  
-0.320031 -0.025521 0.278055 0.000000  
-0.065177 0.418085 -0.036642 0.000000  
3.430312 81.609085 0.005015 1.000000  
-0.081034 0.016303 -0.416598 0.000000  
-0.325613 -0.267520 0.052867 0.000000  
-0.260376 0.329474 0.063540 0.000000  
0.851737 78.943344 -0.095498 1.000000  
0.192679 0.141382 -0.351101 0.000000  
-0.184915 -0.308596 -0.225745 0.000000  
-0.330253 0.255275 -0.078443 0.000000  
-20.151182 69.100563 -5.847616 1.000000  
0.141151 0.020377 -0.400059 0.000000  
-0.068373 -0.416719 -0.045349 0.000000  
-0.394699 0.079474 -0.135212 0.000000  
-14.771703 79.560158 -0.339893 1.000000  
0.014240 -0.033452 -0.423160 0.000000  
-0.333358 -0.262996 0.009572 0.000000  
-0.262785 0.331813 -0.035074 0.000000  
1.399194 95.613899 6.167873 1.000000  
0.926730 -0.225010 0.300902 0.000000  
0.115050 -0.592443 -0.797355 0.000000  
0.357680 0.773552 -0.523147 0.000000  
18.896627 84.840179 -45.710579 1.000000  
0.341683 -0.147492 -0.204657 0.000000  
-0.173841 -0.387353 -0.011079 0.000000  
-0.182805 0.092681 -0.371993 0.000000  
-36.718079 102.986725 -33.481224 1.000000  
0.929184 -0.365827 -0.052806 0.000000  
-0.089608 -0.361559 0.928033 0.000000  
-0.358592 -0.857581 -0.368736 0.000000  
17.512854 81.687927 -50.956543 1.000000  
-0.212207 0.077037 -0.359749 0.000000  
-0.367343 -0.021418 0.212100 0.000000  
0.020330 0.417124 0.077331 0.000000  
0.842447 80.866745 -2.815140 1.000000  
-0.411489 0.030402 -0.100690 0.000000  
-0.103268 -0.193949 0.363463 0.000000  
-0.019963 0.376624 0.195300 0.000000  
-2.826059 79.144913 3.776240 1.000000  
-0.301084 -0.105616 0.280320 0.000000  
0.245916 -0.314096 0.145791 0.000000  
0.171053 0.265660 0.283816 0.000000  
6.316811 68.602081 32.019363 1.000000  
-0.353808 0.009281 0.234775 0.000000  
0.049449 -0.411941 0.090805 0.000000  
0.229696 0.102979 0.342083 0.000000  
0.456417 78.355446 27.615177 1.000000  
-0.405778 0.054275 0.113069 0.000000  
0.065139 -0.236001 0.347053 0.000000  
0.107178 0.348918 0.217152 0.000000  
-9.244122 93.302498 12.482184 1.000000  
-0.524287 -0.280821 -0.803904 0.000000  
0.728778 -0.636288 -0.253023 0.000000  
0.440460 0.718525 -0.538253 0.000000  
35.469135 78.932953 -15.755276 1.000000  
-0.110862 0.182628 0.367073 0.000000  
0.042808 -0.373021 0.198516 0.000000  
0.407753 0.088816 0.078961 0.000000  
37.975178 101.380501 38.495735 1.000000  
-0.185837 -0.437865 -0.879624 0.000000  
-0.887352 -0.309677 0.341623 0.000000  
0.421984 -0.844023 0.330991 0.000000  
40.807362 75.652893 -15.414481 1.000000  
-0.422797 -0.040284 -0.002444 0.000000  
-0.001789 -0.006985 0.424657 0.000000  
-0.040318 0.422746 0.006784 0.000000  
3.759145 81.147186 -2.342726 1.000000  
-0.094929 0.995356 0.015972 0.000000  
0.004214 0.016446 -0.999856 0.000000  
-0.995475 -0.094848 -0.005755 0.000000  
-3.824833 155.088257 -0.375876 1.000000  
-0.380482 -0.019317 -0.187740 0.000000  
-0.166809 -0.163212 0.354855 0.000000  
-0.088285 0.391631 0.138626 0.000000  
-2.817208 78.459908 5.799156 1.000000  
-0.380502 -0.019344 -0.187697 0.000000  
-0.166827 -0.162917 0.354983 0.000000  
-0.088166 0.391752 0.138358 0.000000  
-2.803455 78.477661 5.768936 1.000000  
-0.420712 -0.003253 -0.058108 0.000000  
-0.058073 -0.004403 0.420707 0.000000  
-0.003825 0.424683 0.003916 0.000000  
13.323955 83.637375 -22.281311 1.000000  
0.136732 0.010366 -0.990554 0.000000  
-0.009006 0.999917 0.009221 0.000000  
0.990567 0.007660 0.136814 0.000000  
1.800899 0.309561 -41.706268 1.000000  
0.136732 0.010366 -0.990554 0.000000  
-0.009006 0.999917 0.009221 0.000000  
-0.990567 -0.007660 -0.136814 0.000000  
1.910824 0.317894 -42.502613 1.000000  
-0.221601 -0.030907 -0.361004 0.000000  
-0.362170 0.031254 0.219641 0.000000  
0.010582 0.422438 -0.042662 0.000000  
1.475620 79.989975 -2.254582 1.000000  
-0.207541 -0.031753 -0.369194 0.000000  
-0.358711 0.123357 0.191038 0.000000  
0.092948 0.405167 -0.087098 0.000000  
11.201700 79.017014 -7.808875 1.000000  
-0.095641 0.000416 -0.413810 0.000000  
-0.413687 -0.010433 0.095602 0.000000  
-0.010071 0.424590 0.002755 0.000000  
-3.221360 83.494385 6.519550 1.000000  
0.974027 0.024565 -0.225097 0.000000  
-0.023713 0.999698 0.006487 0.000000  
0.225189 -0.000980 0.974315 0.000000  
18.198021 0.522715 15.505555 1.000000  
0.974027 0.024565 -0.225097 0.000000  
-0.023713 0.999698 0.006487 0.000000  
0.225189 -0.000980 0.974315 0.000000  
18.981079 0.542464 15.324591 1.000000  
1.000000 0.000000 0.000000 0.000000  
0.000000 1.000000 0.000000 0.000000  
0.000000 0.000000 1.000000 0.000000  
0.000000 0.000000 0.000000 1.000000  
0.424719 0.000000 0.000000 0.000000  
0.000000 0.000000 -0.424719 0.000000  
0.000000 0.424719 0.000000 0.000000  
0.000000 82.344162 0.000000 1.000000  
0.769064 0.007944 -0.639123 0.000000  
-0.639142 -0.000099 -0.769089 0.000000  
-0.006173 0.999968 0.005001 0.000000  
-0.068123 57.780823 -0.016222 1.000000  
1.000000 -0.000035 0.000023 0.000000  
0.000023 0.000044 -1.000000 0.000000  
0.000035 1.000000 0.000044 0.000000  
-0.067585 0.106794 -0.016650 1.000000  
-0.037618 0.998752 -0.032853 0.000000  
0.769063 0.007944 -0.639124 0.000000  
-0.638065 -0.049308 -0.768402 0.000000  
-0.068123 57.780823 -0.016222 1.000000  
-0.281121 -0.017522 -0.317883 0.000000  
-0.316779 0.057679 0.276966 0.000000  
0.031743 0.420419 -0.051247 0.000000  
1.513436 80.379761 -1.512365 1.000000  
-0.237463 0.022433 -0.351417 0.000000  
-0.352011 -0.026278 0.236186 0.000000  
-0.009268 0.423311 0.033285 0.000000  
1.013271 79.824394 -1.267285 1.000000  
-0.237463 0.022433 -0.351417 0.000000  
-0.320782 0.161048 0.227042 0.000000  
0.145245 0.392360 -0.073100 0.000000  
-3.047794 81.840950 1.605630 1.000000  
-0.271640 -0.067524 -0.319434 0.000000  
-0.319722 -0.029176 0.278052 0.000000  
-0.066149 0.418300 -0.032171 0.000000  
3.217645 81.512970 0.059153 1.000000  
-0.080537 0.016892 -0.416671 0.000000  
-0.324726 -0.268791 0.051868 0.000000  
-0.261634 0.328408 0.063885 0.000000  
0.627477 78.958199 0.018006 1.000000  
0.196690 0.145475 -0.347183 0.000000  
-0.179032 -0.308428 -0.230663 0.000000  
-0.331129 0.253170 -0.081513 0.000000  
-20.637630 68.845741 -6.054190 1.000000  
0.146880 0.024417 -0.397764 0.000000  
-0.064292 -0.416916 -0.049333 0.000000  
-0.393292 0.077272 -0.140486 0.000000  
-15.425714 79.308060 -0.392673 1.000000  
0.020769 -0.030263 -0.423130 0.000000  
-0.331306 -0.265735 0.002744 0.000000  
-0.264936 0.329932 -0.036601 0.000000  
0.515642 95.443848 6.468895 1.000000  
0.923985 -0.219718 0.313012 0.000000  
0.131658 -0.585693 -0.799769 0.000000  
0.359052 0.780185 -0.512243 0.000000  
18.865608 85.188316 -45.219692 1.000000  
0.345865 -0.143245 -0.200610 0.000000  
-0.170492 -0.388650 -0.016423 0.000000  
-0.178035 0.093904 -0.373994 0.000000  
-37.070072 102.797112 -33.688034 1.000000  
0.932817 -0.357939 -0.041617 0.000000  
-0.100367 -0.368997 0.923996 0.000000  
-0.346090 -0.857742 -0.380132 0.000000  
17.585325 82.063202 -50.507992 1.000000  
-0.208932 0.080716 -0.360858 0.000000  
-0.369312 -0.024825 0.208274 0.000000  
0.018489 0.416239 0.082398 0.000000  
0.640400 80.889656 -2.795925 1.000000  
-0.408092 0.036584 -0.111841 0.000000  
-0.115521 -0.201396 0.355641 0.000000  
-0.022400 0.372139 0.203463 0.000000  
-3.077006 79.288155 3.404499 1.000000  
-0.309700 -0.109554 0.269202 0.000000  
0.239091 -0.319703 0.144953 0.000000  
0.165250 0.257242 0.294796 0.000000  
5.172108 67.986023 31.666389 1.000000  
-0.361321 0.004661 0.223184 0.000000  
0.046494 -0.413743 0.083910 0.000000  
0.218338 0.095817 0.351474 0.000000  
-0.653065 77.701370 27.148466 1.000000  
-0.409275 0.052169 0.100787 0.000000  
0.053747 -0.243103 0.344090 0.000000  
0.099954 0.344333 0.227662 0.000000  
-9.853752 92.960907 12.015179 1.000000  
-0.497598 -0.263990 -0.826260 0.000000  
0.736764 -0.631367 -0.241979 0.000000  
0.457793 0.729167 -0.508666 0.000000  
35.763550 79.148712 -15.029216 1.000000  
-0.122867 0.175125 0.366907 0.000000  
0.036318 -0.377036 0.192121 0.000000  
0.404933 0.086954 0.094098 0.000000  
36.485748 100.477844 39.723793 1.000000  
-0.156827 -0.419636 -0.894042 0.000000  
-0.898044 -0.316127 0.305909 0.000000  
0.411002 -0.850864 0.327274 0.000000  
41.088123 75.859413 -14.580850 1.000000  
-0.422538 -0.041731 -0.010319 0.000000  
-0.009662 -0.007151 0.424549 0.000000  
-0.041889 0.422603 0.006165 0.000000  
3.518475 81.111473 -2.106418 1.000000  
-0.098627 0.995019 0.014516 0.000000  
0.022751 0.016838 -0.999599 0.000000  
-0.994864 -0.098257 -0.024298 0.000000  
-4.354590 155.025345 -0.257769 1.000000  
-0.380112 -0.019229 -0.188497 0.000000  
-0.166963 -0.165762 0.353599 0.000000  
-0.089577 0.390563 0.140793 0.000000  
-2.937335 78.345901 5.889883 1.000000  
-0.380458 -0.019709 -0.187747 0.000000  
-0.167278 -0.160574 0.355837 0.000000  
-0.087495 0.392700 0.136078 0.000000  
-2.695249 78.658051 5.359228 1.000000  
-0.420662 -0.003154 -0.058480 0.000000  
-0.058448 -0.004182 0.420657 0.000000  
-0.003700 0.424686 0.003708 0.000000  
13.336166 83.636871 -22.316885 1.000000  
0.136741 0.010379 -0.990552 0.000000  
-0.008977 0.999917 0.009238 0.000000  
0.990566 0.007629 0.136823 0.000000  
1.805098 0.303158 -41.711807 1.000000  
0.136741 0.010379 -0.990552 0.000000  
-0.008977 0.999917 0.009238 0.000000  
-0.990566 -0.007629 -0.136823 0.000000  
1.915029 0.311502 -42.508152 1.000000  
-0.218798 -0.032095 -0.362606 0.000000  
-0.363941 0.028344 0.217094 0.000000  
0.007793 0.422555 -0.042104 0.000000  
1.271460 79.927063 -2.242063 1.000000  
-0.204223 -0.032912 -0.370939 0.000000  
-0.360545 0.123355 0.187555 0.000000  
0.093202 0.405076 -0.087253 0.000000  
11.354641 78.962990 -7.891009 1.000000  
-0.097225 -0.002701 -0.413432 0.000000  
-0.413310 -0.010030 0.097262 0.000000  
-0.010382 0.424592 -0.000332 0.000000  
-3.325751 83.393555 5.990812 1.000000  
0.973139 0.023616 -0.229006 0.000000  
-0.024445 0.999701 -0.000781 0.000000  
0.228919 0.006359 0.973425 0.000000  
18.190697 0.505941 15.505124 1.000000  
0.973139 0.023616 -0.229006 0.000000  
-0.024445 0.999701 -0.000781 0.000000  
0.228919 0.006359 0.973425 0.000000  
18.973042 0.524928 15.321018 1.000000  
1.000000 0.000000 0.000000 0.000000  
0.000000 1.000000 0.000000 0.000000  
0.000000 0.000000 1.000000 0.000000  
0.000000 0.000000 0.000000 1.000000  
0.424719 0.000000 0.000000 0.000000  
0.000000 0.000000 -0.424719 0.000000  
0.000000 0.424719 0.000000 0.000000  
0.000000 82.344162 0.000000 1.000000  
0.771998 0.015861 -0.635427 0.000000  
-0.635504 -0.000203 -0.772097 0.000000  
-0.012375 0.999874 0.009923 0.000000  
-0.136250 57.724819 -0.032708 1.000000  
1.000000 -0.000017 0.000012 0.000000  
0.000012 0.000022 -1.000000 0.000000  
0.000017 1.000000 0.000022 0.000000  
-0.135957 0.105527 -0.032926 1.000000  
-0.043634 0.998653 -0.028085 0.000000  
0.771997 0.015861 -0.635428 0.000000  
-0.634126 -0.049408 -0.771649 0.000000  
-0.136250 57.724819 -0.032708 1.000000  
-0.279540 -0.017651 -0.319268 0.000000  
-0.318408 0.054249 0.275788 0.000000  
0.029318 0.420870 -0.048938 0.000000  
1.310248 80.340111 -1.406311 1.000000  
-0.236119 0.022843 -0.352295 0.000000  
-0.352827 -0.029818 0.234542 0.000000  
-0.012118 0.423055 0.035554 0.000000  
0.813127 79.779541 -1.165007 1.000000  
-0.236119 0.022843 -0.352295 0.000000  
-0.322944 0.157247 0.226643 0.000000  
0.142623 0.393875 -0.070051 0.000000  
-3.262624 81.745682 1.694181 1.000000  
-0.271750 -0.064791 -0.319906 0.000000  
-0.319422 -0.032834 0.277988 0.000000  
-0.067138 0.418462 -0.027720 0.000000  
3.003846 81.416069 0.109992 1.000000  
-0.080009 0.017474 -0.416748 0.000000  
-0.323835 -0.270059 0.050848 0.000000  
-0.262899 0.327336 0.064197 0.000000  
0.401598 78.970886 0.129251 1.000000  
0.200626 0.149571 -0.343167 0.000000  
-0.173074 -0.308171 -0.235503 0.000000  
-0.331934 0.251087 -0.084622 0.000000  
-21.117355 68.588043 -6.270872 1.000000  
0.152560 0.028488 -0.395348 0.000000  
-0.060156 -0.417049 -0.053265 0.000000  
-0.391781 0.075129 -0.145770 0.000000  
-16.075338 79.050476 -0.457722 1.000000  
0.027288 -0.027018 -0.422979 0.000000  
-0.329135 -0.268401 -0.004089 0.000000  
-0.267042 0.328050 -0.038182 0.000000  
-0.369410 95.263512 6.755650 1.000000  
0.920999 -0.214556 0.325156 0.000000  
0.148270 -0.578785 -0.801887 0.000000  
0.360246 0.786749 -0.501248 0.000000  
18.828045 85.531860 -44.725979 1.000000  
0.349957 -0.138999 -0.196457 0.000000  
-0.167059 -0.389878 -0.021739 0.000000  
-0.173227 0.095187 -0.375923 0.000000  
-37.414024 102.606316 -33.902847 1.000000  
0.936215 -0.350120 -0.030282 0.000000  
-0.111053 -0.376500 0.919736 0.000000  
-0.333419 -0.857709 -0.391367 0.000000  
17.651825 82.435081 -50.054962 1.000000  
-0.205629 0.084373 -0.361917 0.000000  
-0.371251 -0.028163 0.204367 0.000000  
0.016600 0.415300 0.087386 0.000000  
0.439039 80.911980 -2.777924 1.000000  
-0.404310 0.042923 -0.122787 0.000000  
-0.127606 -0.208608 0.347254 0.000000  
-0.025215 0.367459 0.211481 0.000000  
-3.309169 79.440033 3.034528 1.000000  
-0.318037 -0.113257 0.257704 0.000000  
0.232308 -0.325186 0.143781 0.000000  
0.158970 0.248622 0.305453 0.000000  
4.037855 67.384140 31.271496 1.000000  
-0.368515 0.000325 0.211146 0.000000  
0.043745 -0.415386 0.076986 0.000000  
0.206565 0.088546 0.360384 0.000000  
-1.745316 77.069412 26.630302 1.000000  
-0.412396 0.050333 0.088218 0.000000  
0.042355 -0.250066 0.340674 0.000000  
0.092314 0.339588 0.237791 0.000000  
-10.441818 92.637901 11.513580 1.000000  
-0.469927 -0.246898 -0.847473 0.000000  
0.744458 -0.626723 -0.230219 0.000000  
0.474290 0.739094 -0.478319 0.000000  
36.047928 79.352875 -14.280325 1.000000  
-0.134974 0.167708 0.366117 0.000000  
0.029986 -0.380878 0.185524 0.000000  
0.401583 0.084808 0.109201 0.000000  
34.953625 99.565956 40.888325 1.000000  
-0.127077 -0.401319 -0.907080 0.000000  
-0.907640 -0.321787 0.269523 0.000000  
0.400052 -0.857553 0.323361 0.000000  
41.355167 76.052277 -13.722768 1.000000  
-0.422127 -0.043182 -0.018176 0.000000  
-0.017517 -0.007347 0.424294 0.000000  
-0.043453 0.422454 0.005521 0.000000  
3.276228 81.073318 -1.873071 1.000000  
-0.102310 0.994668 0.012999 0.000000  
0.041246 0.017298 -0.998999 0.000000  
-0.993897 -0.101672 -0.042796 0.000000  
-4.884693 154.958954 -0.147418 1.000000  
-0.379745 -0.019167 -0.189241 0.000000  
-0.167084 -0.168318 0.352332 0.000000  
-0.090897 0.389471 0.142955 0.000000  
-3.058961 78.231033 5.980119 1.000000  
-0.380421 -0.020103 -0.187781 0.000000  
-0.167707 -0.158214 0.356691 0.000000  
-0.086834 0.393637 0.133775 0.000000  
-2.586631 78.839363 4.946983 1.000000  
-0.420614 -0.003078 -0.058824 0.000000  
-0.058795 -0.003947 0.420611 0.000000  
-0.003595 0.424689 0.003483 0.000000  
13.347157 83.639008 -22.354158 1.000000  
0.136737 0.010378 -0.990553 0.000000  
-0.008987 0.999917 0.009235 0.000000  
0.990567 0.007639 0.136818 0.000000  
1.810842 0.298096 -41.715027 1.000000  
0.136737 0.010378 -0.990553 0.000000  
-0.008987 0.999917 0.009235 0.000000  
-0.990567 -0.007639 -0.136818 0.000000  
1.920769 0.306439 -42.511372 1.000000  
-0.215981 -0.033268 -0.364186 0.000000  
-0.365668 0.025437 0.214536 0.000000  
0.005007 0.422649 -0.041578 0.000000  
1.067603 79.863220 -2.231406 1.000000  
-0.200889 -0.034050 -0.372653 0.000000  
-0.362343 0.123350 0.184060 0.000000  
0.093472 0.404983 -0.087393 0.000000  
11.509393 78.910522 -7.969432 1.000000  
-0.098802 -0.005812 -0.413026 0.000000  
-0.412930 -0.009523 0.098913 0.000000  
-0.010614 0.424572 -0.003435 0.000000  
-3.417587 83.290222 5.459993 1.000000  
0.972244 0.022422 -0.232893 0.000000  
-0.024991 0.999655 -0.008088 0.000000  
0.232631 0.013684 0.972469 0.000000  
18.180111 0.486417 15.505269 1.000000  
0.972244 0.022422 -0.232893 0.000000  
-0.024992 0.999655 -0.008088 0.000000  
0.232631 0.013684 0.972469 0.000000  
18.961739 0.504443 15.318039 1.000000  
1.000000 0.000000 0.000000 0.000000  
0.000000 1.000000 0.000000 0.000000  
0.000000 0.000000 1.000000 0.000000  
0.000000 0.000000 0.000000 1.000000  
0.424719 0.000000 0.000000 0.000000  
0.000000 0.000000 -0.424719 0.000000  
0.000000 0.424719 0.000000 0.000000  
0.000000 82.344162 0.000000 1.000000  
0.775014 0.023985 -0.631488 0.000000  
-0.631665 -0.000267 -0.775241 0.000000  
-0.018763 0.999712 0.014944 0.000000  
-0.204343 57.668491 -0.047079 1.000000  
1.000000 0.000002 -0.000000 0.000000  
-0.000000 -0.000002 -1.000000 0.000000  
-0.000002 1.000000 -0.000002 0.000000  
-0.204344 0.103974 -0.047071 1.000000  
-0.049825 0.998488 -0.023225 0.000000  
0.775014 0.023985 -0.631489 0.000000  
-0.629977 -0.049463 -0.775037 0.000000  
-0.204343 57.668491 -0.047079 1.000000  
-0.277886 -0.017756 -0.320702 0.000000  
-0.320074 0.050680 0.274536 0.000000  
0.026791 0.421310 -0.046540 0.000000  
1.101964 80.298965 -1.293904 1.000000  
-0.234778 0.023332 -0.353158 0.000000  
-0.353606 -0.033535 0.232860 0.000000  
-0.015093 0.422749 0.037963 0.000000  
0.608328 79.732666 -1.055950 1.000000  
-0.234778 0.023332 -0.353158 0.000000  
-0.325119 0.153260 0.226263 0.000000  
0.139867 0.395415 -0.066860 0.000000  
-3.482135 81.646317 1.789807 1.000000  
-0.271850 -0.062008 -0.320372 0.000000  
-0.319103 -0.036681 0.277873 0.000000  
-0.068238 0.418564 -0.023110 0.000000  
2.784764 81.317825 0.167218 1.000000  
-0.079423 0.018116 -0.416833 0.000000  
-0.322813 -0.271490 0.049710 0.000000  
-0.264329 0.326115 0.064539 0.000000  
0.170581 78.983749 0.249393 1.000000  
0.204511 0.153900 -0.338933 0.000000  
-0.166794 -0.307835 -0.240423 0.000000  
-0.332778 0.248874 -0.087790 0.000000  
-21.593229 68.317680 -6.496025 1.000000  
0.158296 0.032812 -0.392749 0.000000  
-0.055717 -0.417130 -0.057305 0.000000  
-0.390159 0.072881 -0.151163 0.000000  
-16.731140 78.778221 -0.528259 1.000000  
0.033944 -0.023552 -0.422704 0.000000  
-0.326692 -0.271172 -0.011125 0.000000  
-0.269269 0.326032 -0.039789 0.000000  
-1.277970 95.069656 7.045406 1.000000  
0.917781 -0.209135 0.337551 0.000000  
0.165455 -0.571353 -0.803853 0.000000  
0.360975 0.793611 -0.489774 0.000000  
18.783205 85.896248 -44.208897 1.000000  
0.354095 -0.134492 -0.192132 0.000000  
-0.163319 -0.391117 -0.027211 0.000000  
-0.168315 0.096568 -0.377797 0.000000  
-37.762936 102.405121 -34.117348 1.000000  
0.939572 -0.341845 -0.018620 0.000000  
-0.121741 -0.384451 0.915083 0.000000  
-0.319975 -0.857520 -0.402835 0.000000  
17.715015 82.830299 -49.578297 1.000000  
-0.202334 0.088199 -0.362861 0.000000  
-0.373142 -0.031654 0.200373 0.000000  
0.014567 0.414252 0.092568 0.000000  
0.233535 80.935333 -2.753286 1.000000  
-0.400122 0.049755 -0.133465 0.000000  
-0.139649 -0.215391 0.338364 0.000000  
-0.028047 0.362653 0.219277 0.000000  
-3.535310 79.606766 2.681250 1.000000  
-0.326185 -0.116355 0.245867 0.000000  
0.225272 -0.330718 0.142352 0.000000  
0.152453 0.239735 0.315707 0.000000  
2.892447 66.804558 30.848167 1.000000  
-0.375357 -0.003340 0.198701 0.000000  
0.040834 -0.416894 0.070131 0.000000  
0.194489 0.081084 0.368762 0.000000  
-2.830616 76.469727 26.074516 1.000000  
-0.415072 0.049160 0.075396 0.000000  
0.030770 -0.256836 0.336860 0.000000  
0.084584 0.334671 0.247441 0.000000  
-11.005840 92.347443 10.988559 1.000000  
-0.441565 -0.229365 -0.867417 0.000000  
0.751250 -0.623092 -0.217670 0.000000  
0.490554 0.747762 -0.447447 0.000000  
36.308830 79.510590 -13.499222 1.000000  
-0.146992 0.160603 0.364673 0.000000  
0.023487 -0.384526 0.178814 0.000000  
0.397779 0.082052 0.124200 0.000000  
33.389091 98.626656 41.993099 1.000000  
-0.097035 -0.383062 -0.918612 0.000000  
-0.916375 -0.325778 0.232648 0.000000  
0.388382 -0.864369 0.319416 0.000000  
41.591988 76.192024 -12.830659 1.000000  
-0.421554 -0.044663 -0.026133 0.000000  
-0.025465 -0.007672 0.423885 0.000000  
-0.045048 0.422294 0.004937 0.000000  
3.025397 81.032417 -1.629164 1.000000  
-0.106065 0.994291 0.011625 0.000000  
0.059958 0.018064 -0.998037 0.000000  
-0.992550 -0.105160 -0.061532 0.000000  
-5.428627 154.887619 -0.016275 1.000000  
-0.379361 -0.019034 -0.190023 0.000000  
-0.167283 -0.170745 0.351068 0.000000  
-0.092126 0.388420 0.145013 0.000000  
-3.174829 78.117226 6.066793 1.000000  
-0.380354 -0.020407 -0.187883 0.000000  
-0.168209 -0.155927 0.357461 0.000000  
-0.086153 0.394533 0.131557 0.000000  
-2.480607 79.009766 4.552507 1.000000  
-0.420542 -0.002965 -0.059343 0.000000  
-0.059316 -0.003767 0.420539 0.000000  
-0.003462 0.424692 0.003315 0.000000  
13.357079 83.639145 -22.374960 1.000000  
0.136732 0.010368 -0.990553 0.000000  
-0.009004 0.999917 0.009224 0.000000  
0.990567 0.007658 0.136814 0.000000  
1.817724 0.294531 -41.718102 1.000000  
0.136732 0.010368 -0.990553 0.000000  
-0.009004 0.999917 0.009224 0.000000  
-0.990567 -0.007658 -0.136814 0.000000  
1.927648 0.302867 -42.514446 1.000000  
-0.213024 -0.034437 -0.365815 0.000000  
-0.367426 0.022445 0.211849 0.000000  
0.002155 0.422725 -0.041050 0.000000  
0.860748 79.797859 -2.218373 1.000000  
-0.197404 -0.035180 -0.374406 0.000000  
-0.364184 0.123295 0.180429 0.000000  
0.093744 0.404903 -0.087471 0.000000  
11.669031 78.860603 -8.038579 1.000000  
-0.100278 -0.008689 -0.412619 0.000000  
-0.412565 -0.009167 0.100458 0.000000  
-0.010961 0.424531 -0.006276 0.000000  
-3.526442 83.190750 4.975090 1.000000  
0.971385 0.021583 -0.236530 0.000000  
-0.025806 0.999558 -0.014776 0.000000  
0.236106 0.020457 0.971512 0.000000  
18.172255 0.473467 15.503926 1.000000  
0.971385 0.021583 -0.236530 0.000000  
-0.025806 0.999558 -0.014776 0.000000  
0.236106 0.020457 0.971512 0.000000  
18.953192 0.490818 15.313772 1.000000  
1.000000 0.000000 0.000000 0.000000  
0.000000 1.000000 0.000000 0.000000  
0.000000 0.000000 1.000000 0.000000  
0.000000 0.000000 0.000000 1.000000  
0.424719 0.000000 0.000000 0.000000  
0.000000 0.000000 -0.424719 0.000000  
0.000000 0.424719 0.000000 0.000000  
0.000000 82.344162 0.000000 1.000000  
0.778269 0.032550 -0.627087 0.000000  
-0.627413 -0.000256 -0.778687 0.000000  
-0.025507 0.999470 0.020223 0.000000  
-0.272356 57.611572 -0.056252 1.000000  
1.000000 -0.000008 0.000004 0.000000  
0.000004 0.000010 -1.000000 0.000000  
0.000008 1.000000 0.000010 0.000000  
-0.272300 0.104415 -0.056305 1.000000  
-0.056352 0.998247 -0.018122 0.000000  
0.778268 0.032550 -0.627088 0.000000  
-0.625399 -0.049441 -0.778738 0.000000  
-0.272356 57.611572 -0.056252 1.000000  
-0.276083 -0.017819 -0.322253 0.000000  
-0.321846 0.046832 0.273144 0.000000  
0.024074 0.421753 -0.043946 0.000000  
0.884098 80.256195 -1.166708 1.000000  
-0.233426 0.023968 -0.354011 0.000000  
-0.354349 -0.037609 0.231103 0.000000  
-0.018306 0.422371 0.040667 0.000000  
0.394739 79.683144 -0.931348 1.000000  
-0.233426 0.023968 -0.354011 0.000000  
-0.327360 0.148912 0.225935 0.000000  
0.136871 0.397035 -0.063368 0.000000  
-3.711052 81.540054 1.901643 1.000000  
-0.271928 -0.059126 -0.320851 0.000000  
-0.318754 -0.040889 0.277686 0.000000  
-0.069546 0.418591 -0.018195 0.000000  
2.555868 81.217789 0.240167 1.000000  
-0.078732 0.018880 -0.416930 0.000000  
-0.321552 -0.273226 0.048348 0.000000  
-0.266067 0.324618 0.064943 0.000000  
-0.069800 78.998283 0.388974 1.000000  
0.208361 0.158660 -0.334363 0.000000  
-0.159967 -0.307408 -0.245554 0.000000  
-0.333740 0.246401 -0.091052 0.000000  
-22.066793 68.025848 -6.728973 1.000000  
0.164182 0.037586 -0.389894 0.000000  
-0.050754 -0.417154 -0.061587 0.000000  
-0.388400 0.070400 -0.156766 0.000000  
-17.401638 78.482468 -0.599319 1.000000  
0.040873 -0.019713 -0.422287 0.000000  
-0.323831 -0.274182 -0.018544 0.000000  
-0.271752 0.323762 -0.041417 0.000000  
-2.229238 94.857445 7.352409 1.000000  
0.914294 -0.203146 0.350426 0.000000  
0.183719 -0.563046 -0.805746 0.000000  
0.360990 0.801069 -0.477467 0.000000  
18.730591 86.302528 -43.648617 1.000000  
0.358386 -0.129498 -0.187552 0.000000  
-0.159067 -0.392421 -0.033001 0.000000  
-0.163228 0.098089 -0.379633 0.000000  
-38.125931 102.185440 -34.325668 1.000000  
0.943019 -0.332678 -0.006423 0.000000  
-0.132511 -0.393188 0.909859 0.000000  
-0.305215 -0.857163 -0.414867 0.000000  
17.777496 83.271225 -49.059193 1.000000  
-0.199060 0.092347 -0.363639 0.000000  
-0.374980 -0.035488 0.196256 0.000000  
0.012288 0.413036 0.098165 0.000000  
0.018999 80.961082 -2.713992 1.000000  
-0.395494 0.057346 -0.143811 0.000000  
-0.151766 -0.221604 0.329006 0.000000  
-0.030613 0.357756 0.226847 0.000000  
-3.767011 79.793465 2.357835 1.000000  
-0.334218 -0.118560 0.233726 0.000000  
0.217725 -0.336442 0.140673 0.000000  
0.145877 0.230514 0.325529 0.000000  
1.716078 66.253189 30.407110 1.000000  
-0.381826 -0.006032 0.185898 0.000000  
0.037458 -0.418292 0.063364 0.000000  
0.182185 0.073360 0.376580 0.000000  
-3.920006 75.910385 25.493835 1.000000  
-0.417251 0.048958 0.062372 0.000000  
0.018823 -0.263382 0.332659 0.000000  
0.077025 0.329574 0.256581 0.000000  
-11.545864 92.101097 10.452905 1.000000  
-0.412726 -0.211238 -0.886022 0.000000  
0.756645 -0.621057 -0.204393 0.000000  
0.507094 0.754763 -0.416159 0.000000  
36.533829 79.595398 -12.678573 1.000000  
-0.158774 0.153982 0.362583 0.000000  
0.016547 -0.387975 0.172011 0.000000  
0.393577 0.078430 0.139038 0.000000  
31.797440 97.645706 43.044853 1.000000  
-0.067039 -0.364965 -0.928605 0.000000  
-0.924449 -0.327419 0.195423 0.000000  
0.375365 -0.871549 0.315441 0.000000  
41.783592 76.248489 -11.897675 1.000000  
-0.420800 -0.046216 -0.034308 0.000000  
-0.033609 -0.008219 0.423307 0.000000  
-0.046727 0.422117 0.004486 0.000000  
2.759432 80.988228 -1.362188 1.000000  
-0.110018 0.993874 0.010563 0.000000  
0.079135 0.019353 -0.996676 0.000000  
-0.990774 -0.108817 -0.080779 0.000000  
-6.002570 154.809448 0.160617 1.000000  
-0.378942 -0.018749 -0.190885 0.000000  
-0.167658 -0.172929 0.349817 0.000000  
-0.093164 0.387466 0.146889 0.000000  
-3.278755 78.006271 6.148522 1.000000  
-0.380228 -0.020522 -0.188126 0.000000  
-0.168863 -0.153802 0.358073 0.000000  
-0.085427 0.395360 0.129531 0.000000  
-2.379581 79.158760 4.195198 1.000000  
-0.420423 -0.002768 -0.060189 0.000000  
-0.060164 -0.003694 0.420419 0.000000  
-0.003264 0.424694 0.003264 0.000000  
13.365993 83.633461 -22.365322 1.000000  
0.136733 0.010362 -0.990553 0.000000  
-0.009005 0.999917 0.009217 0.000000  
0.990567 0.007660 0.136815 0.000000  
1.825404 0.292398 -41.723011 1.000000  
0.136733 0.010362 -0.990553 0.000000  
-0.009005 0.999917 0.009217 0.000000  
-0.990567 -0.007660 -0.136815 0.000000  
1.935329 0.300728 -42.519360 1.000000  
-0.209802 -0.035611 -0.367561 0.000000  
-0.369281 0.019273 0.208916 0.000000  
-0.000837 0.422784 -0.040483 0.000000  
0.647346 79.730591 -2.197767 1.000000  
-0.193630 -0.036304 -0.376265 0.000000  
-0.366135 0.123153 0.176534 0.000000  
0.094013 0.404847 -0.087442 0.000000  
11.838018 78.814575 -8.092172 1.000000  
-0.101573 -0.011159 -0.412243 0.000000  
-0.412231 -0.009177 0.101819 0.000000  
-0.011583 0.424473 -0.008636 0.000000  
-3.677237 83.101074 4.573342 1.000000  
0.970598 0.021608 -0.239734 0.000000  
-0.027271 0.999422 -0.020333 0.000000  
0.239155 0.026273 0.970626 0.000000  
18.172062 0.475027 15.499675 1.000000  
0.970598 0.021608 -0.239734 0.000000  
-0.027271 0.999422 -0.020333 0.000000  
0.239155 0.026273 0.970626 0.000000  
18.952366 0.492398 15.306946 1.000000  
1.000000 0.000000 0.000000 0.000000  
0.000000 1.000000 0.000000 0.000000  
0.000000 0.000000 1.000000 0.000000  
0.000000 0.000000 0.000000 1.000000  
0.424719 0.000000 0.000000 0.000000  
0.000000 0.000000 -0.424719 0.000000  
0.000000 0.424719 0.000000 0.000000  
0.000000 82.344162 0.000000 1.000000  
0.781719 0.041518 -0.622247 0.000000  
-0.622778 -0.000191 -0.782399 0.000000  
-0.032603 0.999138 0.025708 0.000000  
-0.340284 57.554195 -0.059961 1.000000  
1.000000 -0.000013 0.000005 0.000000  
0.000005 0.000016 -1.000000 0.000000  
0.000013 1.000000 0.000016 0.000000  
-0.340223 0.104667 -0.060008 1.000000  
-0.063211 0.997918 -0.012826 0.000000  
0.781718 0.041518 -0.622248 0.000000  
-0.620420 -0.049359 -0.782715 0.000000  
-0.340284 57.554195 -0.059961 1.000000  
-0.274137 -0.017853 -0.323908 0.000000  
-0.323707 0.042739 0.271612 0.000000  
0.021177 0.422186 -0.041193 0.000000  
0.657098 80.211548 -1.026306 1.000000  
-0.232048 0.024715 -0.354864 0.000000  
-0.355059 -0.041990 0.229251 0.000000  
-0.021743 0.421915 0.043603 0.000000  
0.172684 79.630905 -0.792991 1.000000  
-0.232048 0.024715 -0.354864 0.000000  
-0.329662 0.144247 0.225614 0.000000  
0.133651 0.398708 -0.059627 0.000000  
-3.949017 81.427444 2.027348 1.000000  
-0.271962 -0.056178 -0.321351 0.000000  
-0.318393 -0.045413 0.277398 0.000000  
-0.071052 0.418530 -0.013035 0.000000  
2.317430 81.116013 0.326844 1.000000  
-0.077918 0.019746 -0.417043 0.000000  
-0.320084 -0.275217 0.046772 0.000000  
-0.268069 0.322880 0.065372 0.000000  
-0.319809 79.013176 0.545584 1.000000  
0.212160 0.163782 -0.329469 0.000000  
-0.152648 -0.306861 -0.250840 0.000000  
-0.334773 0.243716 -0.094422 0.000000  
-22.535786 67.715012 -6.971180 1.000000  
0.170181 0.042754 -0.386777 0.000000  
-0.045332 -0.417095 -0.066051 0.000000  
-0.386483 0.067748 -0.162563 0.000000  
-18.082794 78.164696 -0.674194 1.000000  
0.048034 -0.015535 -0.421708 0.000000  
-0.320572 -0.277359 -0.026297 0.000000  
-0.274430 0.321274 -0.043094 0.000000  
-3.216997 94.625237 7.670258 1.000000  
0.910484 -0.196734 0.363749 0.000000  
0.202901 -0.553925 -0.807464 0.000000  
0.360346 0.808989 -0.464422 0.000000  
18.669659 86.742111 -43.048935 1.000000  
0.362774 -0.124094 -0.182707 0.000000  
-0.154355 -0.393745 -0.039050 0.000000  
-0.157973 0.099756 -0.381417 0.000000  
-38.497086 101.949600 -34.531677 1.000000  
0.946451 -0.322785 0.006311 0.000000  
-0.143338 -0.402611 0.904079 0.000000  
-0.289282 -0.856571 -0.427319 0.000000  
17.837885 83.749237 -48.500763 1.000000  
-0.195789 0.096745 -0.364271 0.000000  
-0.376772 -0.039598 0.191992 0.000000  
0.009771 0.411653 0.104077 0.000000  
-0.203997 80.988625 -2.661156 1.000000  
-0.390425 0.065575 -0.153799 0.000000  
-0.163899 -0.227306 0.319148 0.000000  
-0.033037 0.352729 0.234257 0.000000  
-4.001260 79.997978 2.061347 1.000000  
-0.342083 -0.119998 0.221282 0.000000  
0.209763 -0.342285 0.138660 0.000000  
0.139157 0.220970 0.334953 0.000000  
0.515593 65.727997 29.943628 1.000000  
-0.387910 -0.007877 0.172771 0.000000  
0.033727 -0.419578 0.056595 0.000000  
0.169630 0.065410 0.383840 0.000000  
-5.009941 75.389465 24.886286 1.000000  
-0.418934 0.049599 0.049193 0.000000  
0.006584 -0.269718 0.328016 0.000000  
0.069546 0.324311 0.265276 0.000000  
-12.062462 91.895599 9.908600 1.000000  
-0.383341 -0.192595 -0.903303 0.000000  
0.760786 -0.620388 -0.190585 0.000000  
0.523693 0.760280 -0.384344 0.000000  
36.724174 79.619514 -11.823296 1.000000  
-0.170356 0.147779 0.359897 0.000000  
0.009271 -0.391234 0.165034 0.000000  
0.388946 0.074052 0.153700 0.000000  
30.175270 96.631233 44.043140 1.000000  
-0.036991 -0.347004 -0.937134 0.000000  
-0.931746 -0.327001 0.157861 0.000000  
0.361222 -0.879010 0.311224 0.000000  
41.931965 76.235390 -10.929883 1.000000  
-0.419852 -0.047846 -0.042673 0.000000  
-0.041925 -0.008965 0.422549 0.000000  
-0.048502 0.421920 0.004139 0.000000  
2.479717 80.940346 -1.075379 1.000000  
-0.114198 0.993410 0.009746 0.000000  
0.098714 0.021108 -0.994892 0.000000  
-0.988541 -0.112652 -0.100474 0.000000  
-6.607171 154.723724 0.374918 1.000000  
-0.378492 -0.018340 -0.191816 0.000000  
-0.168180 -0.174917 0.348576 0.000000  
-0.094050 0.386592 0.148617 0.000000  
-3.372888 77.897652 6.227332 1.000000  
-0.380051 -0.020481 -0.188488 0.000000  
-0.169642 -0.151824 0.358549 0.000000  
-0.084669 0.396126 0.127676 0.000000  
-2.282578 79.289421 3.871059 1.000000  
-0.420266 -0.002511 -0.061288 0.000000  
-0.061265 -0.003706 0.420260 0.000000  
-0.003019 0.424695 0.003305 0.000000  
13.373756 83.623413 -22.331892 1.000000  
0.136732 0.010362 -0.990553 0.000000  
-0.009002 0.999917 0.009217 0.000000  
0.990567 0.007657 0.136814 0.000000  
1.834156 0.291458 -41.729248 1.000000  
0.136732 0.010362 -0.990553 0.000000  
-0.009002 0.999917 0.009217 0.000000  
-0.990567 -0.007657 -0.136814 0.000000  
1.944080 0.299789 -42.525597 1.000000  
-0.206333 -0.036777 -0.369405 0.000000  
-0.371210 0.015929 0.205755 0.000000  
-0.003962 0.422823 -0.039883 0.000000  
0.427683 79.661560 -2.169515 1.000000  
-0.189586 -0.037413 -0.378211 0.000000  
-0.368175 0.122937 0.172394 0.000000  
0.094290 0.404812 -0.087308 0.000000  
12.017105 78.772690 -8.130123 1.000000  
-0.102715 -0.013310 -0.411896 0.000000  
-0.411924 -0.009482 0.103028 0.000000  
-0.012424 0.424404 -0.010616 0.000000  
-3.861397 83.019852 4.237295 1.000000  
0.969874 0.022324 -0.242581 0.000000  
-0.029253 0.999260 -0.024996 0.000000  
0.241843 0.031339 0.969809 0.000000  
18.177689 0.488554 15.493492 1.000000  
0.969874 0.022324 -0.242581 0.000000  
-0.029253 0.999260 -0.024996 0.000000  
0.241843 0.031339 0.969809 0.000000  
18.957409 0.506501 15.298473 1.000000  
1.000000 0.000000 0.000000 0.000000  
0.000000 1.000000 0.000000 0.000000  
0.000000 0.000000 1.000000 0.000000  
0.000000 0.000000 0.000000 1.000000  
0.424719 0.000000 0.000000 0.000000  
0.000000 0.000000 -0.424719 0.000000  
0.000000 0.424719 0.000000 0.000000  
0.000000 82.344162 0.000000 1.000000  
0.785122 0.050548 -0.617275 0.000000  
-0.618062 -0.000078 -0.786129 0.000000  
-0.039785 0.998722 0.031180 0.000000  
-0.408232 57.496479 -0.064992 1.000000  
1.000000 -0.000006 0.000002 0.000000  
0.000002 0.000008 -1.000000 0.000000  
0.000006 1.000000 0.000008 0.000000  
-0.408220 0.104332 -0.064992 1.000000  
-0.070153 0.997508 -0.007543 0.000000  
0.785121 0.050548 -0.617276 0.000000  
-0.615357 -0.049226 -0.786710 0.000000  
-0.408232 57.496479 -0.064992 1.000000  
-0.272171 -0.017860 -0.325561 0.000000  
-0.325542 0.038567 0.270039 0.000000  
0.018207 0.422587 -0.038405 0.000000  
0.426757 80.164490 -0.885872 1.000000  
-0.230735 0.025521 -0.355663 0.000000  
-0.355681 -0.046484 0.227412 0.000000  
-0.025261 0.421395 0.046626 0.000000  
-0.052271 79.575806 -0.654066 1.000000  
-0.230735 0.025521 -0.355663 0.000000  
-0.331912 0.139446 0.225333 0.000000  
0.130313 0.400362 -0.055812 0.000000  
-4.189080 81.310585 2.154169 1.000000  
-0.272063 -0.053202 -0.321772 0.000000  
-0.317950 -0.050058 0.277107 0.000000  
-0.072636 0.418389 -0.007761 0.000000  
2.076024 81.012283 0.412946 1.000000  
-0.077124 0.020634 -0.417148 0.000000  
-0.318487 -0.277330 0.045165 0.000000  
-0.270192 0.321011 0.065833 0.000000  
-0.573218 79.027298 0.705353 1.000000  
0.215809 0.169087 -0.324379 0.000000  
-0.145062 -0.306185 -0.256113 0.000000  
-0.335812 0.240928 -0.097828 0.000000  
-22.997807 67.391403 -7.224714 1.000000  
0.176125 0.048142 -0.383469 0.000000  
-0.039636 -0.416939 -0.070548 0.000000  
-0.384441 0.065041 -0.168406 0.000000  
-18.765568 77.830566 -0.760258 1.000000  
0.055225 -0.011145 -0.420965 0.000000  
-0.317021 -0.280565 -0.034161 0.000000  
-0.277190 0.318661 -0.044800 0.000000  
-4.222821 94.374115 7.979935 1.000000  
0.906402 -0.190178 0.377184 0.000000  
0.222412 -0.544264 -0.808894 0.000000  
0.359122 0.817074 -0.451024 0.000000  
18.591677 87.194229 -42.433914 1.000000  
0.367112 -0.118472 -0.177706 0.000000  
-0.149345 -0.395021 -0.045170 0.000000  
-0.152680 0.101531 -0.383101 0.000000  
-38.872879 101.702225 -34.740185 1.000000  
0.949707 -0.312548 0.019280 0.000000  
-0.153954 -0.412416 0.897893 0.000000  
-0.272683 -0.855703 -0.439792 0.000000  
17.883860 84.242630 -47.925606 1.000000  
-0.192611 0.101296 -0.364728 0.000000  
-0.378465 -0.043795 0.187702 0.000000  
0.007158 0.410131 0.110125 0.000000  
-0.429864 81.016777 -2.607381 1.000000  
-0.384962 0.074309 -0.163304 0.000000  
-0.175899 -0.232482 0.308865 0.000000  
-0.035350 0.347586 0.241496 0.000000  
-4.227322 80.217247 1.778672 1.000000  
-0.349663 -0.120730 0.208677 0.000000  
0.201520 -0.348158 0.136242 0.000000  
0.132332 0.211178 0.343915 0.000000  
-0.685862 65.231316 29.445251 1.000000  
-0.393540 -0.008951 0.159474 0.000000  
0.029756 -0.420736 0.049816 0.000000  
0.156929 0.057332 0.390477 0.000000  
-6.081749 74.907875 24.241526 1.000000  
-0.420106 0.050981 0.036024 0.000000  
-0.005777 -0.275799 0.322936 0.000000  
0.062157 0.318938 0.273497 0.000000  
-12.545494 91.728043 9.347771 1.000000  
-0.353649 -0.173664 -0.919115 0.000000  
0.763737 -0.620918 -0.176543 0.000000  
0.540036 0.764397 -0.352221 0.000000  
36.884647 79.589539 -10.960666 1.000000  
-0.181653 0.142001 0.356685 0.000000  
0.001802 -0.394278 0.157885 0.000000  
0.383907 0.069041 0.168031 0.000000  
28.541796 95.596024 44.963707 1.000000  
-0.007114 -0.329322 -0.944191 0.000000  
-0.938116 -0.324744 0.120334 0.000000  
0.346249 -0.886616 0.306632 0.000000  
42.042843 76.160782 -9.956576 1.000000  
-0.418730 -0.049441 -0.051053 0.000000  
-0.050248 -0.009807 0.421622 0.000000  
-0.050260 0.421717 0.003820 0.000000  
2.192692 80.887711 -0.785258 1.000000  
-0.118336 0.992933 0.008994 0.000000  
0.118309 0.023091 -0.992708 0.000000  
-0.985900 -0.116409 -0.120206 0.000000  
-7.215832 154.632080 0.597033 1.000000  
-0.378030 -0.017877 -0.192769 0.000000  
-0.168760 -0.176799 0.347344 0.000000  
-0.094865 0.385757 0.150260 0.000000  
-3.463030 77.790253 6.300632 1.000000  
-0.379856 -0.020374 -0.188892 0.000000  
-0.170469 -0.149880 0.358974 0.000000  
-0.083879 0.396871 0.125871 0.000000  
-2.186088 79.412735 3.556444 1.000000  
-0.420079 -0.002212 -0.062567 0.000000  
-0.062546 -0.003777 0.420071 0.000000  
-0.002744 0.424696 0.003411 0.000000  
13.380473 83.610428 -22.281380 1.000000  
0.136731 0.010365 -0.990554 0.000000  
-0.009003 0.999917 0.009221 0.000000  
0.990567 0.007657 0.136813 0.000000  
1.844031 0.291465 -41.736347 1.000000  
0.136731 0.010365 -0.990554 0.000000  
-0.009003 0.999917 0.009221 0.000000  
-0.990567 -0.007657 -0.136813 0.000000  
1.953955 0.299798 -42.532696 1.000000  
-0.202782 -0.037948 -0.371249 0.000000  
-0.373115 0.012570 0.202516 0.000000  
-0.007107 0.422833 -0.039338 0.000000  
0.207444 79.590324 -2.145467 1.000000  
-0.185460 -0.038518 -0.380141 0.000000  
-0.370204 0.122676 0.168182 0.000000  
0.094547 0.404787 -0.087143 0.000000  
12.195551 78.733040 -8.161749 1.000000  
-0.103758 -0.015262 -0.411567 0.000000  
-0.411632 -0.009957 0.104144 0.000000  
-0.013391 0.424328 -0.012359 0.000000  
-4.064360 82.943909 3.942440 1.000000  
0.969187 0.023444 -0.245209 0.000000  
-0.031530 0.999079 -0.029099 0.000000  
0.244300 0.035934 0.969033 0.000000  
18.186640 0.509234 15.486131 1.000000  
