1800  
36 
1.000000 0.000000 0.000000 0.000000  
0.000000 1.000000 0.000000 0.000000  
0.000000 0.000000 1.000000 0.000000  
0.000000 0.000000 0.000000 1.000000  
0.424719 0.000000 0.000000 0.000000  
0.000000 0.000000 -0.424719 0.000000  
0.000000 0.424719 0.000000 0.000000  
0.000000 82.344162 0.000000 1.000000  
0.034844 -0.049816 0.998150 0.000000  
0.999391 0.000000 -0.034888 0.000000  
0.001738 0.998758 0.049786 0.000000  
34.301395 58.999237 0.000000 1.000000  
1.000000 -0.000000 0.000000 0.000000  
0.000000 0.000000 -1.000000 0.000000  
0.000000 1.000000 0.000000 0.000000  
34.301395 1.496656 -0.000000 1.000000  
-0.038877 0.997933 0.051162 0.000000  
0.034846 -0.049816 0.998150 0.000000  
0.998636 0.040588 -0.032837 0.000000  
34.301395 58.999237 0.000000 1.000000  
0.424513 -0.004711 0.012338 0.000000  
0.012786 0.047263 -0.421887 0.000000  
0.003307 0.422054 0.047382 0.000000  
34.085094 81.419594 2.111355 1.000000  
0.412968 0.022407 0.096651 0.000000  
0.085805 0.127055 -0.396082 0.000000  
-0.049810 0.404649 0.119013 0.000000  
34.271473 81.791489 2.538406 1.000000  
0.412968 0.022407 0.096651 0.000000  
0.085805 0.127055 -0.396082 0.000000  
-0.049810 0.404649 0.119013 0.000000  
34.273716 81.794807 2.528058 1.000000  
0.411292 -0.081197 0.068057 0.000000  
0.090441 0.126974 -0.395075 0.000000  
0.055184 0.397077 0.140250 0.000000  
31.728756 83.804947 2.511796 1.000000  
0.272325 -0.234096 0.226768 0.000000  
0.259102 -0.023766 -0.335689 0.000000  
0.197714 0.353582 0.127574 0.000000  
34.632767 88.748177 -2.114717 1.000000  
0.093442 -0.239889 0.337799 0.000000  
0.292330 -0.207213 -0.228018 0.000000  
0.293594 0.282670 0.119524 0.000000  
48.650192 88.772903 -10.516773 1.000000  
0.103462 -0.300722 0.281510 0.000000  
0.310029 -0.134266 -0.257373 0.000000  
0.271226 0.268188 0.186809 0.000000  
47.086933 96.065964 -2.588423 1.000000  
0.103462 -0.300722 0.281510 0.000000  
0.310029 -0.134266 -0.257373 0.000000  
0.271226 0.268188 0.186809 0.000000  
47.086933 96.065964 -2.588428 1.000000  
-0.979747 -0.127283 -0.154579 0.000000  
0.095603 -0.975646 0.197419 0.000000  
-0.175943 0.178643 0.968055 0.000000  
44.466408 51.608414 31.031017 1.000000  
0.103462 -0.300722 0.281510 0.000000  
0.310029 -0.134266 -0.257373 0.000000  
0.271226 0.268188 0.186809 0.000000  
47.086933 96.065964 -2.588423 1.000000  
-0.090668 -0.896670 0.433315 0.000000  
-0.390928 -0.368137 -0.843594 0.000000  
0.915945 -0.245882 -0.317155 0.000000  
51.777302 46.698711 32.637882 1.000000  
0.365928 0.189059 0.103630 0.000000  
0.049904 0.124328 -0.403036 0.000000  
-0.209743 0.359424 0.084904 0.000000  
37.303780 85.419365 3.436818 1.000000  
0.207490 0.328628 0.171282 0.000000  
0.103563 0.137061 -0.388426 0.000000  
-0.355821 0.231525 -0.013173 0.000000  
35.601406 92.214516 7.475247 1.000000  
0.202730 0.351510 0.125410 0.000000  
0.099055 0.086922 -0.403756 0.000000  
-0.359826 0.221972 -0.040491 0.000000  
35.231712 93.824425 3.978327 1.000000  
0.120156 0.373965 0.161551 0.000000  
-0.041543 0.178802 -0.383001 0.000000  
-0.405244 0.092552 0.087163 0.000000  
24.056179 94.275444 10.837081 1.000000  
0.120156 0.373965 0.161551 0.000000  
-0.041543 0.178802 -0.383001 0.000000  
-0.405244 0.092552 0.087163 0.000000  
24.056183 94.275452 10.837070 1.000000  
0.866406 -0.192371 0.460798 0.000000  
0.182384 -0.737143 -0.650660 0.000000  
-0.464842 -0.647777 0.603579 0.000000  
24.402540 41.700054 -4.616842 1.000000  
0.120156 0.373965 0.161551 0.000000  
-0.041543 0.178802 -0.383001 0.000000  
-0.405244 0.092552 0.087163 0.000000  
24.056177 94.275452 10.837083 1.000000  
0.163447 -0.905999 -0.390449 0.000000  
0.891946 0.304825 -0.333937 0.000000  
-0.421566 0.293678 -0.857925 0.000000  
19.864386 39.119209 -11.888761 1.000000  
0.421980 -0.016467 -0.045255 0.000000  
-0.048009 -0.112501 -0.406724 0.000000  
0.003782 0.409217 -0.113637 0.000000  
32.530048 82.113823 11.315002 1.000000  
0.008904 0.963501 -0.267558 0.000000  
0.113035 0.264884 0.957632 0.000000  
0.993551 -0.038770 -0.106551 0.000000  
33.625381 153.521515 -9.382927 1.000000  
0.397924 -0.047485 -0.140668 0.000000  
-0.105510 0.192660 -0.363505 0.000000  
0.104451 0.375517 0.168709 0.000000  
39.639442 79.645493 10.655502 1.000000  
0.396065 -0.044949 -0.146623 0.000000  
-0.101591 0.227290 -0.344100 0.000000  
0.114883 0.355956 0.201204 0.000000  
40.915874 77.736656 14.714619 1.000000  
0.404265 0.003088 -0.130178 0.000000  
-0.120614 0.168894 -0.370558 0.000000  
0.049073 0.389681 0.161638 0.000000  
29.114143 81.996399 7.225040 1.000000  
0.283987 -0.397662 0.872478 0.000000  
0.115542 0.917503 0.380576 0.000000  
-0.951842 -0.007271 0.306505 0.000000  
38.251858 -1.094542 -14.362830 1.000000  
0.283987 -0.397662 0.872478 0.000000  
0.115542 0.917503 0.380576 0.000000  
0.951842 0.007271 -0.306505 0.000000  
38.480167 -1.414238 -13.661408 1.000000  
0.416207 0.083924 0.010713 0.000000  
0.040300 -0.149374 -0.395537 0.000000  
-0.074390 0.388626 -0.154344 0.000000  
29.770058 80.197929 -7.828199 1.000000  
0.416228 0.083838 0.010553 0.000000  
0.040310 -0.150383 -0.395153 0.000000  
-0.074265 0.388255 -0.155333 0.000000  
29.784813 80.142746 -7.940194 1.000000  
0.420909 -0.007134 0.056308 0.000000  
0.051970 -0.120935 -0.403807 0.000000  
0.022816 0.407075 -0.118977 0.000000  
46.931072 80.503075 -0.099743 1.000000  
-0.122363 0.284741 0.950763 0.000000  
0.053720 0.958457 -0.280132 0.000000  
-0.991031 0.016797 -0.132576 0.000000  
26.857674 5.585051 37.426029 1.000000  
-0.122363 0.284741 0.950763 0.000000  
0.053720 0.958457 -0.280132 0.000000  
-0.991031 0.016797 -0.132576 0.000000  
26.759300 5.813963 38.190380 1.000000  
1.000000 0.000000 0.000000 0.000000  
0.000000 1.000000 0.000000 0.000000  
0.000000 0.000000 1.000000 0.000000  
0.000000 0.000000 0.000000 1.000000  
0.424719 0.000000 0.000000 0.000000  
0.000000 0.000000 -0.424719 0.000000  
0.000000 0.424719 0.000000 0.000000  
0.000000 82.344162 0.000000 1.000000  
0.038994 -0.049770 0.997999 0.000000  
0.999237 0.000000 -0.039043 0.000000  
0.001943 0.998761 0.049732 0.000000  
34.171860 58.946430 0.000000 1.000000  
1.000000 -0.000001 -0.000000 0.000000  
-0.000000 0.000001 -1.000000 0.000000  
0.000001 1.000000 0.000001 0.000000  
34.171860 1.144091 -0.000030 1.000000  
-0.045735 0.997623 0.051539 0.000000  
0.038995 -0.049770 0.997999 0.000000  
0.998192 0.047653 -0.036627 0.000000  
34.171860 58.946430 0.000000 1.000000  
0.424534 -0.006551 0.010689 0.000000  
0.011347 0.046776 -0.421982 0.000000  
0.005332 0.422084 0.046931 0.000000  
34.036034 81.367050 2.094874 1.000000  
0.413073 0.024170 0.095771 0.000000  
0.084630 0.125736 -0.396755 0.000000  
-0.050931 0.404960 0.117472 0.000000  
34.207150 81.730789 2.511568 1.000000  
0.413073 0.024170 0.095771 0.000000  
0.084630 0.125736 -0.396755 0.000000  
-0.050931 0.404960 0.117472 0.000000  
34.209362 81.734070 2.501204 1.000000  
0.411673 -0.079673 0.067554 0.000000  
0.089264 0.125674 -0.395757 0.000000  
0.054251 0.397799 0.138559 0.000000  
31.654863 83.738335 2.482002 1.000000  
0.273119 -0.236225 0.223584 0.000000  
0.257315 -0.021656 -0.337203 0.000000  
0.198950 0.352299 0.129190 0.000000  
34.499851 88.861839 -2.124653 1.000000  
0.098203 -0.243325 0.333969 0.000000  
0.291129 -0.202859 -0.233406 0.000000  
0.293234 0.282891 0.119885 0.000000  
48.209530 88.993668 -10.485432 1.000000  
0.107141 -0.304181 0.276370 0.000000  
0.308234 -0.129441 -0.261960 0.000000  
0.271843 0.266655 0.188102 0.000000  
46.792194 96.256607 -2.378658 1.000000  
0.107141 -0.304181 0.276370 0.000000  
0.308234 -0.129441 -0.261960 0.000000  
0.271843 0.266655 0.188102 0.000000  
46.792191 96.256607 -2.378662 1.000000  
-0.980589 -0.129047 -0.147622 0.000000  
0.101148 -0.977900 0.182976 0.000000  
-0.167972 0.164493 0.971971 0.000000  
44.644836 51.326889 30.641294 1.000000  
0.107141 -0.304181 0.276370 0.000000  
0.308234 -0.129441 -0.261960 0.000000  
0.271843 0.266655 0.188102 0.000000  
46.792194 96.256607 -2.378656 1.000000  
-0.083312 -0.902950 0.421593 0.000000  
-0.397024 -0.357962 -0.845125 0.000000  
0.914020 -0.237791 -0.328670 0.000000  
51.988796 46.424675 32.114704 1.000000  
0.365677 0.190328 0.102184 0.000000  
0.048833 0.122870 -0.403614 0.000000  
-0.210432 0.359255 0.083906 0.000000  
37.223957 85.362183 3.388534 1.000000  
0.207871 0.329794 0.168557 0.000000  
0.101451 0.135196 -0.389635 0.000000  
-0.356207 0.230963 -0.012607 0.000000  
35.528591 92.159210 7.353978 1.000000  
0.202876 0.352346 0.122800 0.000000  
0.096956 0.085197 -0.404632 0.000000  
-0.360315 0.221314 -0.039739 0.000000  
35.141190 93.744560 3.866468 1.000000  
0.121446 0.374909 0.158367 0.000000  
-0.050271 0.177821 -0.382412 0.000000  
-0.403868 0.090604 0.095222 0.000000  
24.107227 94.185730 10.810324 1.000000  
0.121446 0.374909 0.158367 0.000000  
-0.050271 0.177821 -0.382412 0.000000  
-0.403868 0.090604 0.095222 0.000000  
24.107233 94.185730 10.810315 1.000000  
0.876607 -0.186919 0.443421 0.000000  
0.172986 -0.737470 -0.652851 0.000000  
-0.449040 -0.648999 0.614137 0.000000  
24.416132 41.582249 -4.548534 1.000000  
0.121446 0.374909 0.158367 0.000000  
-0.050271 0.177821 -0.382412 0.000000  
-0.403868 0.090604 0.095222 0.000000  
24.107227 94.185730 10.810328 1.000000  
0.160241 -0.905906 -0.391991 0.000000  
0.883345 0.308823 -0.352603 0.000000  
-0.440481 0.289762 -0.849714 0.000000  
19.744583 38.963245 -11.721667 1.000000  
0.421789 -0.016473 -0.046994 0.000000  
-0.049687 -0.112514 -0.406519 0.000000  
0.003317 0.409213 -0.113665 0.000000  
32.442703 82.064468 11.231739 1.000000  
0.007811 0.963492 -0.267625 0.000000  
0.116986 0.264915 0.957149 0.000000  
0.993103 -0.038785 -0.110646 0.000000  
33.453434 153.471451 -9.472965 1.000000  
0.398669 -0.046420 -0.138904 0.000000  
-0.105699 0.187631 -0.366071 0.000000  
0.101375 0.378187 0.164570 0.000000  
39.334656 79.756210 10.392825 1.000000  
0.395984 -0.042669 -0.147518 0.000000  
-0.100116 0.237639 -0.337477 0.000000  
0.116444 0.349418 0.211503 0.000000  
41.177547 76.938126 16.262043 1.000000  
0.403431 0.008841 -0.132481 0.000000  
-0.122070 0.191401 -0.358957 0.000000  
0.052231 0.379043 0.184349 0.000000  
29.682499 80.355873 10.993011 1.000000  
0.287416 -0.450654 0.845165 0.000000  
0.122978 0.892456 0.434050 0.000000  
-0.949878 -0.020816 0.311927 0.000000  
38.228809 -1.337321 -15.593049 1.000000  
0.287416 -0.450654 0.845165 0.000000  
0.122978 0.892456 0.434050 0.000000  
0.949878 0.020816 -0.311927 0.000000  
38.459877 -1.699620 -14.913586 1.000000  
0.416373 0.083435 0.007608 0.000000  
0.037496 -0.151089 -0.395161 0.000000  
-0.074922 0.388068 -0.155486 0.000000  
29.617317 80.072205 -7.903462 1.000000  
0.416106 0.084542 0.009737 0.000000  
0.037329 -0.137650 -0.400056 0.000000  
-0.076477 0.392799 -0.142289 0.000000  
29.432497 80.782951 -6.407748 1.000000  
0.421131 -0.006873 0.054658 0.000000  
0.051226 -0.106156 -0.408035 0.000000  
0.020264 0.411181 -0.104430 0.000000  
46.529633 81.051804 1.668896 1.000000  
-0.120611 0.249943 0.960719 0.000000  
0.047712 0.968125 -0.245880 0.000000  
-0.991553 0.016182 -0.128692 0.000000  
26.979565 4.734428 36.558575 1.000000  
-0.120611 0.249943 0.960719 0.000000  
0.047712 0.968125 -0.245880 0.000000  
-0.991553 0.016182 -0.128692 0.000000  
26.882601 4.935366 37.330933 1.000000  
1.000000 0.000000 0.000000 0.000000  
0.000000 1.000000 0.000000 0.000000  
0.000000 0.000000 1.000000 0.000000  
0.000000 0.000000 0.000000 1.000000  
0.424719 0.000000 0.000000 0.000000  
0.000000 0.000000 -0.424719 0.000000  
0.000000 0.424719 0.000000 0.000000  
0.000000 82.344162 0.000000 1.000000  
0.043144 -0.049722 0.997831 0.000000  
0.999066 0.000000 -0.043198 0.000000  
0.002148 0.998763 0.049675 0.000000  
34.042324 58.893631 0.000000 1.000000  
1.000000 -0.000001 -0.000000 0.000000  
-0.000000 0.000000 -1.000000 0.000000  
0.000001 1.000000 0.000000 0.000000  
34.042324 0.785802 -0.000033 1.000000  
-0.052587 0.997263 0.051967 0.000000  
0.043146 -0.049722 0.997831 0.000000  
0.997684 0.054716 -0.040413 0.000000  
34.042324 58.893631 0.000000 1.000000  
0.424539 -0.008391 0.009050 0.000000  
0.009912 0.046283 -0.422073 0.000000  
0.007352 0.422106 0.046459 0.000000  
33.986855 81.314514 2.077552 1.000000  
0.413174 0.025941 0.094872 0.000000  
0.083444 0.124407 -0.397424 0.000000  
-0.052063 0.405260 0.115929 0.000000  
34.142574 81.670059 2.484013 1.000000  
0.413174 0.025941 0.094872 0.000000  
0.083444 0.124407 -0.397424 0.000000  
-0.052063 0.405260 0.115929 0.000000  
34.144753 81.673309 2.473632 1.000000  
0.412053 -0.078136 0.067032 0.000000  
0.088074 0.124365 -0.396437 0.000000  
0.053305 0.398515 0.136859 0.000000  
31.580711 83.671509 2.451602 1.000000  
0.273885 -0.238333 0.220386 0.000000  
0.255498 -0.019592 -0.338708 0.000000  
0.200234 0.350998 0.130740 0.000000  
34.366257 88.975075 -2.134188 1.000000  
0.102925 -0.246677 0.330065 0.000000  
0.289830 -0.198487 -0.238720 0.000000  
0.292901 0.283089 0.120233 0.000000  
47.768822 89.209198 -10.448781 1.000000  
0.110761 -0.307549 0.271168 0.000000  
0.306353 -0.124615 -0.266467 0.000000  
0.272517 0.265087 0.189339 0.000000  
46.500511 96.440735 -2.165754 1.000000  
0.110761 -0.307549 0.271168 0.000000  
0.306353 -0.124615 -0.266467 0.000000  
0.272517 0.265087 0.189339 0.000000  
46.500515 96.440727 -2.165768 1.000000  
-0.981384 -0.130805 -0.140633 0.000000  
0.106463 -0.979933 0.168518 0.000000  
-0.159854 0.150409 0.975615 0.000000  
44.818707 51.051552 30.247238 1.000000  
0.110761 -0.307549 0.271168 0.000000  
0.306353 -0.124615 -0.266467 0.000000  
0.272517 0.265087 0.189339 0.000000  
46.500511 96.440735 -2.165754 1.000000  
-0.076127 -0.909000 0.409786 0.000000  
-0.403249 -0.347803 -0.846418 0.000000  
0.911919 -0.229681 -0.340076 0.000000  
52.193981 46.158020 31.587059 1.000000  
0.365418 0.191601 0.100721 0.000000  
0.047751 0.121403 -0.404187 0.000000  
-0.211129 0.359077 0.082911 0.000000  
37.143795 85.304909 3.339462 1.000000  
0.208236 0.330954 0.165811 0.000000  
0.099326 0.133314 -0.390830 0.000000  
-0.356592 0.230398 -0.012035 0.000000  
35.455013 92.103287 7.231807 1.000000  
0.203007 0.353176 0.120172 0.000000  
0.094846 0.083456 -0.405494 0.000000  
-0.360803 0.220654 -0.038979 0.000000  
35.049988 93.664093 3.753943 1.000000  
0.122662 0.375853 0.155161 0.000000  
-0.058991 0.176801 -0.381638 0.000000  
-0.402319 0.088669 0.103265 0.000000  
24.154234 94.096359 10.782537 1.000000  
0.122662 0.375853 0.155161 0.000000  
-0.058991 0.176801 -0.381638 0.000000  
-0.402318 0.088669 0.103265 0.000000  
24.154240 94.096375 10.782528 1.000000  
0.886434 -0.181440 0.425811 0.000000  
0.163550 -0.737836 -0.654867 0.000000  
-0.432997 -0.650138 0.624368 0.000000  
24.428457 41.465096 -4.481500 1.000000  
0.122662 0.375853 0.155161 0.000000  
-0.058991 0.176801 -0.381638 0.000000  
-0.402319 0.088669 0.103265 0.000000  
24.154230 94.096359 10.782537 1.000000  
0.157012 -0.905822 -0.393489 0.000000  
0.874334 0.312763 -0.371107 0.000000  
-0.459225 0.285772 -0.841098 0.000000  
19.625679 38.807484 -11.553046 1.000000  
0.421590 -0.016473 -0.048752 0.000000  
-0.051381 -0.112536 -0.406302 0.000000  
0.002841 0.409207 -0.113699 0.000000  
32.355190 82.014801 11.147831 1.000000  
0.006688 0.963478 -0.267705 0.000000  
0.120975 0.264966 0.956639 0.000000  
0.992633 -0.038784 -0.114785 0.000000  
33.279114 153.420715 -9.564618 1.000000  
0.399377 -0.045251 -0.137246 0.000000  
-0.105963 0.182578 -0.368542 0.000000  
0.098265 0.380793 0.160394 0.000000  
39.029060 79.862328 10.129720 1.000000  
0.395874 -0.040244 -0.148494 0.000000  
-0.098788 0.247770 -0.330510 0.000000  
0.117945 0.342603 0.221582 0.000000  
41.434517 76.107574 17.790184 1.000000  
0.402626 0.015019 -0.134362 0.000000  
-0.123421 0.213135 -0.346016 0.000000  
0.055190 0.367061 0.206412 0.000000  
30.219791 78.487167 14.649282 1.000000  
0.290596 -0.501826 0.814693 0.000000  
0.129946 0.864246 0.485998 0.000000  
-0.947981 -0.035363 0.316356 0.000000  
38.210491 -1.499213 -16.846201 1.000000  
0.290596 -0.501826 0.814693 0.000000  
0.129946 0.864246 0.485998 0.000000  
0.947981 0.035363 -0.316356 0.000000  
38.444111 -1.902651 -16.191235 1.000000  
0.416517 0.082941 0.004523 0.000000  
0.034714 -0.152797 -0.394758 0.000000  
-0.075463 0.387504 -0.156626 0.000000  
29.463449 79.946297 -7.978262 1.000000  
0.415993 0.085177 0.008976 0.000000  
0.034278 -0.124780 -0.404526 0.000000  
-0.078490 0.396939 -0.129091 0.000000  
29.102451 81.377739 -4.852297 1.000000  
0.421337 -0.006753 0.053062 0.000000  
0.050390 -0.091237 -0.411731 0.000000  
0.017945 0.414748 -0.089710 0.000000  
46.155663 81.529015 3.463644 1.000000  
-0.118641 0.214818 0.969421 0.000000  
0.042252 0.976525 -0.211221 0.000000  
-0.992038 0.015901 -0.124932 0.000000  
27.087391 3.917164 35.660496 1.000000  
-0.118641 0.214818 0.969421 0.000000  
0.042252 0.976525 -0.211221 0.000000  
-0.992038 0.015901 -0.124932 0.000000  
26.992012 4.089864 36.439850 1.000000  
1.000000 0.000000 0.000000 0.000000  
0.000000 1.000000 0.000000 0.000000  
0.000000 0.000000 1.000000 0.000000  
0.000000 0.000000 0.000000 1.000000  
0.424719 0.000000 0.000000 0.000000  
0.000000 0.000000 -0.424719 0.000000  
0.000000 0.424719 0.000000 0.000000  
0.000000 82.344162 0.000000 1.000000  
0.047286 -0.049697 0.997644 0.000000  
0.998879 0.000000 -0.047345 0.000000  
0.002353 0.998764 0.049642 0.000000  
33.912766 58.840775 0.000000 1.000000  
1.000000 -0.000000 -0.000000 0.000000  
-0.000000 0.000000 -1.000000 0.000000  
0.000000 1.000000 0.000000 0.000000  
33.912766 0.473276 -0.000009 1.000000  
-0.059436 0.996852 0.052475 0.000000  
0.047288 -0.049697 0.997644 0.000000  
0.997111 0.061778 -0.044185 0.000000  
33.912766 58.840775 0.000000 1.000000  
0.424531 -0.010229 0.007417 0.000000  
0.008479 0.045799 -0.422157 0.000000  
0.009368 0.422118 0.045983 0.000000  
33.937458 81.261604 2.060182 1.000000  
0.413267 0.027712 0.093959 0.000000  
0.082253 0.123088 -0.398082 0.000000  
-0.053204 0.405546 0.114402 0.000000  
34.077705 81.608932 2.456581 1.000000  
0.413267 0.027712 0.093959 0.000000  
0.082253 0.123088 -0.398082 0.000000  
-0.053204 0.405546 0.114402 0.000000  
34.079849 81.612152 2.446184 1.000000  
0.412423 -0.076621 0.066501 0.000000  
0.086894 0.123066 -0.397102 0.000000  
0.052369 0.399212 0.135179 0.000000  
31.505898 83.604774 2.421216 1.000000  
0.274626 -0.240442 0.217149 0.000000  
0.253654 -0.017530 -0.340203 0.000000  
0.201559 0.349666 0.132264 0.000000  
34.231716 89.087845 -2.141884 1.000000  
0.107609 -0.249981 0.326061 0.000000  
0.288441 -0.194068 -0.243979 0.000000  
0.292589 0.283254 0.120601 0.000000  
47.328129 89.420609 -10.405427 1.000000  
0.114326 -0.310846 0.265877 0.000000  
0.304408 -0.119746 -0.270893 0.000000  
0.273225 0.263480 0.190559 0.000000  
46.211193 96.617950 -1.948248 1.000000  
0.114326 -0.310846 0.265877 0.000000  
0.304408 -0.119746 -0.270893 0.000000  
0.273225 0.263480 0.190559 0.000000  
46.211193 96.617935 -1.948259 1.000000  
-0.982117 -0.132591 -0.133671 0.000000  
0.111589 -0.981757 0.153954 0.000000  
-0.151646 0.136285 0.978995 0.000000  
44.987999 50.778561 29.845823 1.000000  
0.114326 -0.310846 0.265877 0.000000  
0.304408 -0.119746 -0.270893 0.000000  
0.273225 0.263480 0.190559 0.000000  
46.211193 96.617950 -1.948248 1.000000  
-0.069088 -0.914866 0.397803 0.000000  
-0.409542 -0.337596 -0.847529 0.000000  
0.909672 -0.221471 -0.351352 0.000000  
52.393024 45.895153 31.051785 1.000000  
0.365152 0.192868 0.099256 0.000000  
0.046665 0.119947 -0.404748 0.000000  
-0.211830 0.358888 0.081934 0.000000  
37.063202 85.247009 3.290641 1.000000  
0.208585 0.332095 0.163069 0.000000  
0.097206 0.131429 -0.391999 0.000000  
-0.356972 0.229838 -0.011460 0.000000  
35.380596 92.046005 7.110419 1.000000  
0.203124 0.353990 0.117547 0.000000  
0.092742 0.081712 -0.406335 0.000000  
-0.361283 0.220000 -0.038218 0.000000  
34.958153 93.582535 3.642179 1.000000  
0.123838 0.376783 0.151938 0.000000  
-0.067687 0.175755 -0.380677 0.000000  
-0.400585 0.086782 0.111294 0.000000  
24.201065 94.006775 10.753693 1.000000  
0.123838 0.376783 0.151937 0.000000  
-0.067687 0.175755 -0.380677 0.000000  
-0.400585 0.086782 0.111294 0.000000  
24.201069 94.006775 10.753683 1.000000  
0.895873 -0.176020 0.407958 0.000000  
0.154005 -0.738243 -0.656720 0.000000  
-0.416767 -0.651165 0.634263 0.000000  
24.438599 41.348217 -4.416568 1.000000  
0.123838 0.376783 0.151938 0.000000  
-0.067687 0.175755 -0.380677 0.000000  
-0.400585 0.086782 0.111294 0.000000  
24.201061 94.006767 10.753692 1.000000  
0.153678 -0.905756 -0.394956 0.000000  
0.864935 0.316572 -0.389449 0.000000  
-0.477777 0.281761 -0.832070 0.000000  
19.506477 38.652081 -11.383732 1.000000  
0.421383 -0.016470 -0.050509 0.000000  
-0.053075 -0.112549 -0.406081 0.000000  
0.002363 0.409203 -0.113723 0.000000  
32.267071 81.964081 11.064304 1.000000  
0.005563 0.963469 -0.267761 0.000000  
0.124963 0.264997 0.956118 0.000000  
0.992146 -0.038779 -0.118923 0.000000  
33.103958 153.369354 -9.654062 1.000000  
0.400115 -0.044195 -0.135428 0.000000  
-0.105990 0.177426 -0.371042 0.000000  
0.095184 0.383344 0.156119 0.000000  
38.724384 79.967087 9.859234 1.000000  
0.395799 -0.037879 -0.149313 0.000000  
-0.097270 0.257765 -0.323236 0.000000  
0.119447 0.335423 0.231538 0.000000  
41.688576 75.238770 19.312185 1.000000  
0.401807 0.021362 -0.135943 0.000000  
-0.124685 0.234050 -0.331753 0.000000  
0.058228 0.353766 0.227695 0.000000  
30.769234 76.406319 18.178854 1.000000  
0.293573 -0.551070 0.781113 0.000000  
0.137098 0.832942 0.536109 0.000000  
-0.946055 -0.050298 0.320079 0.000000  
38.185196 -1.577149 -18.114679 1.000000  
0.293573 -0.551070 0.781113 0.000000  
0.137098 0.832942 0.536109 0.000000  
0.946055 0.050298 -0.320079 0.000000  
38.421207 -2.020177 -17.486710 1.000000  
0.416650 0.082383 0.001241 0.000000  
0.031729 -0.154526 -0.394336 0.000000  
-0.076038 0.386937 -0.157745 0.000000  
29.307892 79.819458 -8.054274 1.000000  
0.415907 0.085686 0.008059 0.000000  
0.030942 -0.111759 -0.408581 0.000000  
-0.080310 0.400692 -0.115682 0.000000  
28.796503 81.928299 -3.271290 1.000000  
0.421532 -0.006745 0.051493 0.000000  
0.049463 -0.076190 -0.414891 0.000000  
0.015826 0.417774 -0.074833 0.000000  
45.805519 81.935699 5.280611 1.000000  
-0.116459 0.179389 0.976861 0.000000  
0.037263 0.983650 -0.176193 0.000000  
-0.992496 0.015881 -0.121239 0.000000  
27.183739 3.134055 34.731705 1.000000  
-0.116459 0.179389 0.976861 0.000000  
0.037263 0.983650 -0.176193 0.000000  
-0.992496 0.015881 -0.121239 0.000000  
27.090115 3.278273 35.517044 1.000000  
1.000000 0.000000 0.000000 0.000000  
0.000000 1.000000 0.000000 0.000000  
0.000000 0.000000 1.000000 0.000000  
0.000000 0.000000 0.000000 1.000000  
0.424719 0.000000 0.000000 0.000000  
0.000000 0.000000 -0.424719 0.000000  
0.000000 0.424719 0.000000 0.000000  
0.000000 82.344162 0.000000 1.000000  
0.051314 -0.049717 0.997444 0.000000  
0.998679 0.000000 -0.051378 0.000000  
0.002554 0.998763 0.049651 0.000000  
33.783337 58.781754 0.000000 1.000000  
1.000000 0.000000 -0.000000 0.000000  
-0.000000 -0.000000 -1.000000 0.000000  
-0.000000 1.000000 -0.000000 0.000000  
33.783337 0.247892 0.000009 1.000000  
-0.066400 0.996380 0.053080 0.000000  
0.051315 -0.049717 0.997444 0.000000  
0.996473 0.068954 -0.047828 0.000000  
33.783337 58.781754 0.000000 1.000000  
0.424506 -0.012084 0.005850 0.000000  
0.007109 0.045334 -0.422232 0.000000  
0.011389 0.422119 0.045513 0.000000  
33.888496 81.201950 2.043283 1.000000  
0.413321 0.029541 0.093162 0.000000  
0.081162 0.121798 -0.398703 0.000000  
-0.054447 0.405806 0.112884 0.000000  
34.012955 81.540955 2.429745 1.000000  
0.413321 0.029541 0.093162 0.000000  
0.081162 0.121798 -0.398703 0.000000  
-0.054447 0.405806 0.112884 0.000000  
34.015072 81.544144 2.419331 1.000000  
0.412769 -0.075115 0.066071 0.000000  
0.085828 0.121797 -0.397725 0.000000  
0.051393 0.399886 0.133550 0.000000  
31.429529 83.532326 2.390624 1.000000  
0.275408 -0.242488 0.213860 0.000000  
0.251766 -0.015418 -0.341705 0.000000  
0.202855 0.348350 0.133745 0.000000  
34.092247 89.191856 -2.143194 1.000000  
0.112111 -0.253169 0.322060 0.000000  
0.286977 -0.189744 -0.249054 0.000000  
0.292338 0.283353 0.120977 0.000000  
46.899693 89.618752 -10.359618 1.000000  
0.117767 -0.313886 0.260754 0.000000  
0.302481 -0.115018 -0.275067 0.000000  
0.273902 0.261978 0.191654 0.000000  
45.925797 96.768402 -1.750179 1.000000  
0.117767 -0.313886 0.260754 0.000000  
0.302481 -0.115018 -0.275067 0.000000  
0.273902 0.261978 0.191654 0.000000  
45.925800 96.768394 -1.750191 1.000000  
-0.982748 -0.134528 -0.126927 0.000000  
0.116516 -0.983271 0.140012 0.000000  
-0.143639 0.122808 0.981981 0.000000  
45.146561 50.510040 29.445417 1.000000  
0.117767 -0.313886 0.260754 0.000000  
0.302481 -0.115018 -0.275067 0.000000  
0.273902 0.261978 0.191654 0.000000  
45.925797 96.768402 -1.750179 1.000000  
-0.062281 -0.920280 0.386273 0.000000  
-0.415645 -0.327950 -0.848344 0.000000  
0.907393 -0.213389 -0.362084 0.000000  
52.579609 45.639175 30.522842 1.000000  
0.364831 0.194160 0.097909 0.000000  
0.045691 0.118516 -0.405281 0.000000  
-0.212595 0.358667 0.080917 0.000000  
36.981628 85.181984 3.243587 1.000000  
0.208805 0.333223 0.160465 0.000000  
0.095137 0.129678 -0.393089 0.000000  
-0.357401 0.229199 -0.010888 0.000000  
35.302284 91.981972 6.991030 1.000000  
0.203119 0.354808 0.115064 0.000000  
0.090704 0.080101 -0.407115 0.000000  
-0.361803 0.219274 -0.037466 0.000000  
34.862930 93.495377 3.532688 1.000000  
0.124896 0.377683 0.148803 0.000000  
-0.076634 0.174824 -0.379407 0.000000  
-0.398641 0.084722 0.119557 0.000000  
24.248657 93.905746 10.726723 1.000000  
0.124896 0.377683 0.148803 0.000000  
-0.076634 0.174824 -0.379407 0.000000  
-0.398641 0.084722 0.119557 0.000000  
24.248661 93.905746 10.726716 1.000000  
0.905198 -0.170459 0.389308 0.000000  
0.144310 -0.738330 -0.658821 0.000000  
-0.399740 -0.652544 0.643735 0.000000  
24.461409 41.227356 -4.374887 1.000000  
0.124896 0.377683 0.148803 0.000000  
-0.076634 0.174824 -0.379407 0.000000  
-0.398641 0.084722 0.119557 0.000000  
24.248653 93.905746 10.726723 1.000000  
0.150406 -0.905462 -0.396884 0.000000  
0.854800 0.320796 -0.407930 0.000000  
-0.496684 0.277901 -0.822239 0.000000  
19.399364 38.493813 -11.233445 1.000000  
0.421175 -0.016471 -0.052210 0.000000  
-0.054713 -0.112541 -0.405866 0.000000  
0.001905 0.409205 -0.113724 0.000000  
32.174603 81.905479 10.980971 1.000000  
0.004486 0.963474 -0.267764 0.000000  
0.128821 0.264979 0.955611 0.000000  
0.991658 -0.038781 -0.122927 0.000000  
32.928150 153.311142 -9.739291 1.000000  
0.400939 -0.043265 -0.133273 0.000000  
-0.105558 0.172397 -0.373527 0.000000  
0.092147 0.385737 0.151992 0.000000  
38.420185 80.059631 9.592546 1.000000  
0.395828 -0.035574 -0.149802 0.000000  
-0.095343 0.267834 -0.315532 0.000000  
0.120896 0.327697 0.241630 0.000000  
41.931072 74.311340 20.841255 1.000000  
0.400904 0.027681 -0.137463 0.000000  
-0.125949 0.254106 -0.316153 0.000000  
0.061638 0.339190 0.248067 0.000000  
31.388388 74.137253 21.541191 1.000000  
0.296548 -0.598293 0.744383 0.000000  
0.145126 0.798622 0.584073 0.000000  
-0.943927 -0.065176 0.323657 0.000000  
38.153526 -1.558684 -19.422163 1.000000  
0.296548 -0.598293 0.744383 0.000000  
0.145126 0.798622 0.584073 0.000000  
0.943927 0.065176 -0.323657 0.000000  
38.391930 -2.039677 -18.823721 1.000000  
0.416794 0.081621 -0.002585 0.000000  
0.028226 -0.156605 -0.393782 0.000000  
-0.076629 0.386263 -0.159107 0.000000  
29.152443 79.677780 -8.150017 1.000000  
0.415873 0.085969 0.006720 0.000000  
0.027005 -0.098406 -0.412278 0.000000  
-0.081894 0.404118 -0.101823 0.000000  
28.519217 82.446182 -1.625798 1.000000  
0.421722 -0.006933 0.049881 0.000000  
0.048400 -0.060438 -0.417601 0.000000  
0.013915 0.420339 -0.059221 0.000000  
45.477314 82.286819 7.223765 1.000000  
-0.113956 0.142301 0.983242 0.000000  
0.032763 0.989689 -0.139436 0.000000  
-0.992945 0.016324 -0.117443 0.000000  
27.266743 2.364436 33.768532 1.000000  
-0.113956 0.142301 0.983242 0.000000  
0.032763 0.989689 -0.139436 0.000000  
-0.992945 0.016324 -0.117443 0.000000  
27.175129 2.478837 34.559002 1.000000  
1.000000 0.000000 0.000000 0.000000  
0.000000 1.000000 0.000000 0.000000  
0.000000 0.000000 1.000000 0.000000  
0.000000 0.000000 0.000000 1.000000  
0.424719 0.000000 0.000000 0.000000  
0.000000 0.000000 -0.424719 0.000000  
0.000000 0.424719 0.000000 0.000000  
0.000000 82.344162 0.000000 1.000000  
0.055140 -0.049770 0.997237 0.000000  
0.998475 0.000000 -0.055209 0.000000  
0.002748 0.998761 0.049694 0.000000  
33.654205 58.711121 0.000000 1.000000  
1.000000 -0.000000 -0.000000 0.000000  
-0.000000 -0.000000 -1.000000 0.000000  
0.000000 1.000000 -0.000000 0.000000  
33.654205 0.092389 0.000001 1.000000  
-0.073584 0.995839 0.053769 0.000000  
0.055142 -0.049770 0.997237 0.000000  
0.995763 0.076345 -0.051250 0.000000  
33.654205 58.711121 0.000000 1.000000  
0.424466 -0.013971 0.004406 0.000000  
0.005861 0.044879 -0.422300 0.000000  
0.013426 0.422110 0.045045 0.000000  
33.840652 81.130234 2.026496 1.000000  
0.413306 0.031486 0.092587 0.000000  
0.080261 0.120531 -0.399270 0.000000  
-0.055875 0.406038 0.111342 0.000000  
33.948753 81.460724 2.403053 1.000000  
0.413306 0.031486 0.092587 0.000000  
0.080261 0.120531 -0.399270 0.000000  
-0.055875 0.406038 0.111342 0.000000  
33.950848 81.463875 2.392623 1.000000  
0.413085 -0.073569 0.065835 0.000000  
0.084947 0.120554 -0.398292 0.000000  
0.050304 0.400550 0.131966 0.000000  
31.351223 83.448524 2.359003 1.000000  
0.276290 -0.244388 0.210533 0.000000  
0.249813 -0.013255 -0.343225 0.000000  
0.204067 0.347109 0.135122 0.000000  
33.944443 89.279602 -2.135530 1.000000  
0.116312 -0.256143 0.318195 0.000000  
0.285452 -0.185687 -0.253818 0.000000  
0.292190 0.283367 0.121301 0.000000  
46.494259 89.794601 -10.317570 1.000000  
0.121032 -0.316488 0.256071 0.000000  
0.300635 -0.110653 -0.278855 0.000000  
0.274510 0.260724 0.192492 0.000000  
45.645725 96.875946 -1.596014 1.000000  
0.121032 -0.316488 0.256071 0.000000  
0.300635 -0.110653 -0.278855 0.000000  
0.274510 0.260724 0.192492 0.000000  
45.645729 96.875931 -1.596018 1.000000  
-0.983259 -0.136679 -0.120502 0.000000  
0.121217 -0.984408 0.127467 0.000000  
-0.136046 0.110726 0.984495 0.000000  
45.289196 50.251648 29.057791 1.000000  
0.121032 -0.316488 0.256071 0.000000  
0.300635 -0.110653 -0.278855 0.000000  
0.274510 0.260724 0.192492 0.000000  
45.645725 96.875931 -1.596010 1.000000  
-0.055787 -0.924980 0.375899 0.000000  
-0.421380 -0.319502 -0.848738 0.000000  
0.905167 -0.205745 -0.371944 0.000000  
52.748394 45.396118 30.017241 1.000000  
0.364407 0.195521 0.096773 0.000000  
0.044930 0.117101 -0.405777 0.000000  
-0.213483 0.358392 0.079789 0.000000  
36.898693 85.104500 3.198581 1.000000  
0.208795 0.334357 0.158100 0.000000  
0.093143 0.128166 -0.394061 0.000000  
-0.357931 0.228396 -0.010319 0.000000  
35.217468 91.907112 6.872960 1.000000  
0.202892 0.355654 0.112833 0.000000  
0.088771 0.078737 -0.407806 0.000000  
-0.362409 0.218396 -0.036723 0.000000  
34.761868 93.399078 3.425303 1.000000  
0.125721 0.378559 0.145853 0.000000  
-0.086084 0.174112 -0.377704 0.000000  
-0.396446 0.082242 0.128267 0.000000  
24.293201 93.783920 10.704668 1.000000  
0.125721 0.378559 0.145853 0.000000  
-0.086084 0.174112 -0.377704 0.000000  
-0.396446 0.082242 0.128267 0.000000  
24.293211 93.783928 10.704651 1.000000  
0.914620 -0.164448 0.369361 0.000000  
0.134496 -0.737772 -0.661516 0.000000  
-0.381289 -0.654713 0.652664 0.000000  
24.510649 41.099293 -4.375018 1.000000  
0.125721 0.378559 0.145853 0.000000  
-0.086084 0.174112 -0.377704 0.000000  
-0.396446 0.082242 0.128267 0.000000  
24.293198 93.783928 10.704669 1.000000  
0.147426 -0.904711 -0.399705 0.000000  
0.843543 0.326016 -0.426789 0.000000  
-0.516430 0.274248 -0.811226 0.000000  
19.316469 38.329517 -11.119287 1.000000  
0.420972 -0.016473 -0.053822 0.000000  
-0.056267 -0.112518 -0.405659 0.000000  
0.001475 0.409212 -0.113708 0.000000  
32.074966 81.833572 10.896559 1.000000  
0.003473 0.963489 -0.267726 0.000000  
0.132480 0.264924 0.955125 0.000000  
0.991179 -0.038786 -0.126723 0.000000  
32.750061 153.240356 -9.822514 1.000000  
0.401828 -0.042256 -0.130898 0.000000  
-0.104789 0.167779 -0.375840 0.000000  
0.089102 0.387880 0.148311 0.000000  
38.114502 80.127357 9.347507 1.000000  
0.395949 -0.033117 -0.150045 0.000000  
-0.093170 0.278053 -0.307233 0.000000  
0.122187 0.319336 0.251954 0.000000  
42.153347 73.310806 22.371529 1.000000  
0.399877 0.034080 -0.139005 0.000000  
-0.127300 0.273219 -0.299219 0.000000  
0.065412 0.323382 0.267453 0.000000  
32.086250 71.693344 24.700788 1.000000  
0.299729 -0.643294 0.704511 0.000000  
0.154011 0.761403 0.629719 0.000000  
-0.941511 -0.080242 0.327289 0.000000  
38.128254 -1.433107 -20.792639 1.000000  
0.299729 -0.643294 0.704511 0.000000  
0.154011 0.761403 0.629719 0.000000  
0.941511 0.080242 -0.327289 0.000000  
38.369217 -1.950277 -20.226252 1.000000  
0.416945 0.080581 -0.007040 0.000000  
0.024152 -0.159301 -0.392970 0.000000  
-0.077198 0.385377 -0.160968 0.000000  
28.998987 79.509048 -8.280393 1.000000  
0.415895 0.085982 0.004942 0.000000  
0.022425 -0.084581 -0.415607 0.000000  
-0.083153 0.407233 -0.087364 0.000000  
28.278738 82.937729 0.115518 1.000000  
0.421911 -0.007477 0.048179 0.000000  
0.047173 -0.043465 -0.419847 0.000000  
0.012322 0.422422 -0.042347 0.000000  
45.182701 82.578735 9.390066 1.000000  
-0.111067 0.102338 0.988530 0.000000  
0.029012 0.994594 -0.099706 0.000000  
-0.993389 0.017605 -0.113436 0.000000  
27.327431 1.593356 32.765057 1.000000  
-0.111067 0.102338 0.988530 0.000000  
0.029012 0.994594 -0.099706 0.000000  
-0.993389 0.017605 -0.113436 0.000000  
27.238140 1.675629 33.559772 1.000000  
1.000000 0.000000 0.000000 0.000000  
0.000000 1.000000 0.000000 0.000000  
0.000000 0.000000 1.000000 0.000000  
0.000000 0.000000 0.000000 1.000000  
0.424719 0.000000 0.000000 0.000000  
0.000000 0.000000 -0.424719 0.000000  
0.000000 0.424719 0.000000 0.000000  
0.000000 82.344162 0.000000 1.000000  
0.059238 -0.049850 0.996998 0.000000  
0.998240 0.000000 -0.059312 0.000000  
0.002957 0.998757 0.049762 0.000000  
33.524567 58.657444 0.000000 1.000000  
1.000000 -0.000000 -0.000000 0.000000  
-0.000000 -0.000000 -1.000000 0.000000  
0.000000 1.000000 -0.000000 0.000000  
33.524567 -0.020389 -0.000006 1.000000  
-0.080429 0.995267 0.054542 0.000000  
0.059239 -0.049849 0.996998 0.000000  
0.994998 0.083419 -0.054950 0.000000  
33.524567 58.657444 0.000000 1.000000  
0.424415 -0.015807 0.002796 0.000000  
0.004438 0.044443 -0.422364 0.000000  
0.015427 0.422091 0.044576 0.000000  
33.790646 81.075180 2.009995 1.000000  
0.413375 0.033256 0.091656 0.000000  
0.079070 0.119269 -0.399886 0.000000  
-0.057050 0.406269 0.109893 0.000000  
33.883091 81.397392 2.377046 1.000000  
0.413375 0.033256 0.091656 0.000000  
0.079070 0.119269 -0.399886 0.000000  
-0.057050 0.406269 0.109893 0.000000  
33.885159 81.400520 2.366600 1.000000  
0.413419 -0.072159 0.065298 0.000000  
0.083831 0.119318 -0.398900 0.000000  
0.049428 0.401176 0.130386 0.000000  
31.273922 83.381874 2.329327 1.000000  
0.276960 -0.246515 0.207146 0.000000  
0.247888 -0.011144 -0.344693 0.000000  
0.205502 0.345676 0.136612 0.000000  
33.806679 89.390045 -2.135364 1.000000  
0.120856 -0.259343 0.313880 0.000000  
0.283805 -0.181111 -0.258919 0.000000  
0.291949 0.283418 0.121762 0.000000  
46.055195 89.994385 -10.253531 1.000000  
0.124421 -0.319594 0.250529 0.000000  
0.298538 -0.105637 -0.283023 0.000000  
0.275282 0.259010 0.193699 0.000000  
45.362682 97.031326 -1.366505 1.000000  
0.124421 -0.319594 0.250529 0.000000  
0.298538 -0.105637 -0.283023 0.000000  
0.275282 0.259010 0.193699 0.000000  
45.362690 97.031311 -1.366508 1.000000  
-0.983799 -0.138585 -0.113723 0.000000  
0.125832 -0.985644 0.112574 0.000000  
-0.127692 0.096440 0.987114 0.000000  
45.443535 49.981686 28.632360 1.000000  
0.124421 -0.319594 0.250529 0.000000  
0.298538 -0.105637 -0.283023 0.000000  
0.275282 0.259010 0.193699 0.000000  
45.362686 97.031319 -1.366499 1.000000  
-0.049169 -0.930347 0.363368 0.000000  
-0.427763 -0.309138 -0.849383 0.000000  
0.902552 -0.197199 -0.382768 0.000000  
52.928112 45.140598 29.457733 1.000000  
0.364122 0.196758 0.095328 0.000000  
0.043847 0.115705 -0.406295 0.000000  
-0.214193 0.358168 0.078884 0.000000  
36.816788 85.043510 3.151896 1.000000  
0.209092 0.335433 0.155406 0.000000  
0.091061 0.126308 -0.395146 0.000000  
-0.358294 0.227852 -0.009736 0.000000  
35.140427 91.844490 6.756059 1.000000  
0.202967 0.356420 0.110252 0.000000  
0.086708 0.077010 -0.408579 0.000000  
-0.362867 0.217762 -0.035963 0.000000  
34.668144 93.313370 3.317636 1.000000  
0.126802 0.379436 0.142604 0.000000  
-0.094703 0.173015 -0.376142 0.000000  
-0.394130 0.080501 0.136261 0.000000  
24.343363 93.691849 10.673374 1.000000  
0.126802 0.379436 0.142604 0.000000  
-0.094703 0.173014 -0.376143 0.000000  
-0.394130 0.080501 0.136261 0.000000  
24.343370 93.691849 10.673358 1.000000  
0.922834 -0.159255 0.350735 0.000000  
0.124545 -0.738265 -0.662912 0.000000  
-0.364508 -0.655440 0.661462 0.000000  
24.513790 40.982346 -4.319723 1.000000  
0.126802 0.379436 0.142604 0.000000  
-0.094703 0.173015 -0.376142 0.000000  
-0.394130 0.080501 0.136261 0.000000  
24.343361 93.691856 10.673376 1.000000  
0.143691 -0.904674 -0.401145 0.000000  
0.832947 0.329440 -0.444600 0.000000  
-0.534371 0.270247 -0.800883 0.000000  
19.195887 38.174908 -10.951054 1.000000  
0.420747 -0.016470 -0.055554 0.000000  
-0.057936 -0.112486 -0.405433 0.000000  
0.001008 0.409221 -0.113680 0.000000  
31.984339 81.778214 10.815401 1.000000  
0.002374 0.963510 -0.267661 0.000000  
0.136408 0.264847 0.954593 0.000000  
0.990650 -0.038777 -0.130802 0.000000  
32.574383 153.186661 -9.900540 1.000000  
0.402736 -0.041714 -0.128254 0.000000  
-0.103739 0.162282 -0.378535 0.000000  
0.086183 0.390270 0.143694 0.000000  
37.814510 80.229958 9.047948 1.000000  
0.396102 -0.031082 -0.150077 0.000000  
-0.090716 0.287668 -0.299005 0.000000  
0.123531 0.310913 0.261646 0.000000  
42.372753 72.311668 23.886967 1.000000  
0.398980 0.041033 -0.139703 0.000000  
-0.128423 0.291208 -0.281232 0.000000  
0.068617 0.306431 0.285968 0.000000  
32.668999 69.027962 27.780941 1.000000  
0.302372 -0.685650 0.662160 0.000000  
0.161558 0.721492 0.673312 0.000000  
-0.939399 -0.096613 0.328931 0.000000  
38.094994 -1.240893 -22.083675 1.000000  
0.302372 -0.685650 0.662160 0.000000  
0.161558 0.721492 0.673312 0.000000  
0.939399 0.096613 -0.328931 0.000000  
38.338085 -1.792114 -21.551338 1.000000  
0.417021 0.079711 -0.011193 0.000000  
0.020268 -0.161141 -0.392439 0.000000  
-0.077899 0.384793 -0.162024 0.000000  
28.837347 79.376808 -8.363435 1.000000  
0.415909 0.085993 0.003283 0.000000  
0.018007 -0.071125 -0.418333 0.000000  
-0.084150 0.409796 -0.073295 0.000000  
28.076273 83.351242 1.773714 1.000000  
0.422069 -0.008015 0.046687 0.000000  
0.046066 -0.028079 -0.421278 0.000000  
0.011037 0.423714 -0.027034 0.000000  
44.933388 82.751411 11.271118 1.000000  
-0.108461 0.066112 0.991900 0.000000  
0.025987 0.997634 -0.063653 0.000000  
-0.993761 0.018872 -0.109922 0.000000  
27.369099 0.921155 31.744007 1.000000  
-0.108461 0.066112 0.991899 0.000000  
0.025987 0.997634 -0.063653 0.000000  
-0.993761 0.018872 -0.109922 0.000000  
27.281902 0.974305 32.541431 1.000000  
1.000000 0.000000 0.000000 0.000000  
0.000000 1.000000 0.000000 0.000000  
0.000000 0.000000 1.000000 0.000000  
0.000000 0.000000 0.000000 1.000000  
0.424719 0.000000 0.000000 0.000000  
