1000  
60 
1.000000 0.000000 0.000000 0.000000  
0.000000 1.000000 0.000000 0.000000  
0.000000 0.000000 1.000000 0.000000  
0.000000 0.000000 0.000000 1.000000  
1.000000 0.000000 0.000000 0.000000  
0.000000 0.000000 -1.000000 0.000000  
0.000000 1.000000 0.000000 0.000000  
0.000000 39.289753 -5.946892 1.000000  
-0.609763 0.126857 0.782366 0.000000  
0.788738 0.000000 0.614729 0.000000  
0.077983 0.991921 -0.100057 0.000000  
4.172918 23.312094 -51.919189 1.000000  
1.000000 -0.000000 0.000000 0.000000  
0.000000 -0.000000 -1.000000 0.000000  
-0.000000 1.000000 0.000000 0.000000  
4.172919 -0.759705 -51.919189 1.000000  
0.788737 0.000000 0.614730 0.000000  
0.609764 -0.126857 -0.782365 0.000000  
0.077983 0.991921 -0.100057 0.000000  
5.347809 39.652725 -53.426651 1.000000  
0.766708 0.011866 0.641886 0.000000  
0.641652 -0.046871 -0.765562 0.000000  
0.021001 0.998830 -0.043550 0.000000  
4.533215 39.736477 -52.629868 1.000000  
0.756787 0.015427 0.653480 0.000000  
0.653653 -0.012709 -0.756688 0.000000  
-0.003369 0.999800 -0.019702 0.000000  
4.523984 39.730469 -52.625984 1.000000  
0.076890 0.992022 -0.099907 0.000000  
-0.609826 0.126067 0.782444 0.000000  
0.788796 0.000764 0.614654 0.000000  
4.586024 58.950169 -53.151661 1.000000  
0.646431 -0.138758 0.750249 0.000000  
0.756513 -0.011125 -0.653885 0.000000  
0.099078 0.990264 0.097781 0.000000  
3.793736 40.910172 -54.990116 1.000000  
0.296958 0.137011 0.945010 0.000000  
0.899209 0.292882 -0.325029 0.000000  
-0.321309 0.946281 -0.036228 0.000000  
12.599827 38.916279 -55.040600 1.000000  
-0.063734 0.193406 0.979047 0.000000  
0.675327 -0.713939 0.184998 0.000000  
0.734760 0.672967 -0.085110 0.000000  
21.894203 37.113747 -55.753719 1.000000  
0.031441 0.118118 0.992501 0.000000  
0.691271 -0.719777 0.063762 0.000000  
0.721911 0.684083 -0.104282 0.000000  
19.788313 38.808872 -56.585163 1.000000  
-0.131605 0.093543 0.986879 0.000000  
0.966136 -0.210795 0.148819 0.000000  
0.221950 0.973044 -0.062634 0.000000  
12.406457 49.326546 -54.959751 1.000000  
-0.039775 0.174876 0.983786 0.000000  
0.918399 -0.381483 0.104943 0.000000  
0.393650 0.907683 -0.145433 0.000000  
14.863502 45.002735 -57.344860 1.000000  
0.065091 0.236940 0.969341 0.000000  
0.836729 -0.542267 0.076363 0.000000  
0.543735 0.806105 -0.233551 0.000000  
16.596222 39.951843 -59.735878 1.000000  
-0.511248 -0.850491 -0.123651 0.000000  
0.801113 -0.419501 -0.426892 0.000000  
0.311197 -0.317306 0.895808 0.000000  
-4.201307 23.940397 -36.809574 1.000000  
0.312917 0.327486 0.891535 0.000000  
0.668421 -0.742799 0.038244 0.000000  
0.674756 0.583954 -0.451333 0.000000  
12.674926 31.849236 -63.368664 1.000000  
0.582982 0.500699 0.639869 0.000000  
0.635121 -0.771994 0.025430 0.000000  
0.506708 0.391570 -0.768063 0.000000  
2.178301 22.703369 -67.090683 1.000000  
-0.721243 -0.496361 0.483150 0.000000  
-0.303885 -0.400064 -0.864640 0.000000  
0.622464 -0.770438 0.137707 0.000000  
-4.843385 24.151232 -30.901417 1.000000  
-0.721243 -0.496361 0.483150 0.000000  
-0.303885 -0.400064 -0.864640 0.000000  
0.622464 -0.770438 0.137707 0.000000  
-6.913990 22.726238 -29.514347 1.000000  
0.274507 0.317470 0.907666 0.000000  
0.704955 -0.708409 0.034577 0.000000  
0.653976 0.630372 -0.418266 0.000000  
12.849874 33.169292 -62.755619 1.000000  
0.427864 0.443643 0.787473 0.000000  
0.709857 -0.704259 0.011071 0.000000  
0.559497 0.554256 -0.616250 0.000000  
6.953416 28.363781 -65.835472 1.000000  
0.555420 0.548963 0.624619 0.000000  
0.710415 -0.703658 -0.013282 0.000000  
0.432227 0.451116 -0.780817 0.000000  
0.465181 23.066877 -67.691750 1.000000  
-0.741843 -0.608564 0.281637 0.000000  
-0.220781 -0.174918 -0.959510 0.000000  
0.633187 -0.773986 -0.004598 0.000000  
-4.856430 19.302277 -30.214397 1.000000  
0.128696 0.193153 0.972691 0.000000  
0.684484 -0.727039 0.053809 0.000000  
0.717578 0.658867 -0.225777 0.000000  
17.560242 36.532070 -59.252029 1.000000  
0.305737 0.322456 0.895850 0.000000  
0.669132 -0.742132 0.038764 0.000000  
0.677339 0.587590 -0.442662 0.000000  
12.598904 31.746820 -63.598045 1.000000  
0.468408 0.431558 0.770942 0.000000  
0.651035 -0.758492 0.029034 0.000000  
0.597284 0.488310 -0.636243 0.000000  
6.750878 26.444645 -66.828163 1.000000  
-0.779953 -0.596054 0.190770 0.000000  
-0.064896 -0.226152 -0.971928 0.000000  
0.622465 -0.770438 0.137707 0.000000  
-2.702302 17.667124 -30.538654 1.000000  
0.787827 0.313925 0.529887 0.000000  
0.562196 -0.015190 -0.826864 0.000000  
-0.251524 0.949327 -0.188455 0.000000  
8.310823 42.473740 -51.043037 1.000000  
0.989093 -0.135767 0.057117 0.000000  
0.095050 0.292103 -0.951652 0.000000  
0.112519 0.946701 0.301822 0.000000  
5.366486 38.330887 -61.918373 1.000000  
0.934011 -0.192562 -0.300903 0.000000  
-0.343578 -0.714926 -0.608962 0.000000  
-0.097861 0.672161 -0.733909 0.000000  
3.788558 36.517834 -71.103477 1.000000  
0.970229 -0.117147 -0.211973 0.000000  
-0.229909 -0.720668 -0.654048 0.000000  
-0.076143 0.683311 -0.726146 0.000000  
5.107436 38.216274 -69.266251 1.000000  
0.924898 -0.092775 -0.368722 0.000000  
-0.380178 -0.212098 -0.900266 0.000000  
0.005317 0.972835 -0.231440 0.000000  
5.322815 48.741310 -61.720886 1.000000  
0.944441 -0.173999 -0.278845 0.000000  
-0.325759 -0.382688 -0.864541 0.000000  
0.043719 0.907345 -0.418108 0.000000  
7.040276 44.416779 -64.682297 1.000000  
0.956138 -0.235950 -0.173572 0.000000  
-0.277892 -0.543347 -0.792181 0.000000  
0.092606 0.805669 -0.585083 0.000000  
8.941381 39.366043 -66.942108 1.000000  
0.245877 -0.849759 0.466320 0.000000  
0.218655 -0.420064 -0.880759 0.000000  
-0.944317 -0.318521 -0.082520 0.000000  
-8.187325 23.358150 -41.156956 1.000000  
0.941371 -0.326270 0.085840 0.000000  
-0.199553 -0.743640 -0.638105 0.000000  
0.272029 0.583564 -0.765149 0.000000  
13.432142 31.271580 -64.019997 1.000000  
0.763551 -0.499394 0.409385 0.000000  
-0.178954 -0.772783 -0.608919 0.000000  
0.620456 0.391680 -0.679427 0.000000  
19.617725 22.141857 -54.742821 1.000000  
0.461332 -0.580722 0.670772 0.000000  
-0.175715 -0.800858 -0.572495 0.000000  
0.869653 0.146245 -0.471503 0.000000  
21.324495 12.845693 -42.999641 1.000000  
-0.291625 -0.495945 0.817920 0.000000  
0.913170 -0.398886 0.083721 0.000000  
-0.284736 -0.771316 -0.569207 0.000000  
-14.596849 22.140415 -36.742409 1.000000  
0.947613 -0.316286 0.044643 0.000000  
-0.204967 -0.709291 -0.674460 0.000000  
0.244987 0.629976 -0.736961 0.000000  
12.793337 32.590851 -64.041046 1.000000  
0.868697 -0.442387 0.222843 0.000000  
-0.183377 -0.705125 -0.684961 0.000000  
0.460149 0.554160 -0.693664 0.000000  
17.226688 27.795328 -59.071632 1.000000  
0.742085 -0.547705 0.386432 0.000000  
-0.159900 -0.704502 -0.691454 0.000000  
0.650955 0.451327 -0.610378 0.000000  
20.618805 22.507988 -53.228889 1.000000  
-0.091053 -0.607934 0.788750 0.000000  
0.984581 -0.173752 -0.020261 0.000000  
-0.149364 -0.774743 -0.614381 0.000000  
-14.416790 18.714632 -38.905445 1.000000  
0.974880 -0.192083 -0.112755 0.000000  
-0.218590 -0.727914 -0.649892 0.000000  
0.042757 0.658214 -0.751616 0.000000  
8.240717 35.944660 -67.755424 1.000000  
0.943794 -0.321245 0.077818 0.000000  
-0.200231 -0.742975 -0.638668 0.000000  
0.262985 0.587189 -0.765538 0.000000  
13.673277 31.169468 -64.002251 1.000000  
0.862563 -0.430268 0.266186 0.000000  
-0.186354 -0.759304 -0.623482 0.000000  
0.470380 0.488188 -0.735130 0.000000  
18.241110 25.877369 -59.116070 1.000000  
0.006358 -0.595293 0.803484 0.000000  
0.958585 -0.225162 -0.174405 0.000000  
-0.284736 -0.771316 -0.569208 0.000000  
-14.626874 17.077188 -41.071960 1.000000  
0.783956 0.037270 0.619697 0.000000  
0.614400 0.096572 -0.783062 0.000000  
-0.089030 0.994628 0.052810 0.000000  
6.435477 39.806351 -54.255238 1.000000  
-0.089030 0.994628 0.052810 0.000000  
-0.614401 -0.096572 0.783061 0.000000  
0.783955 0.037270 0.619698 0.000000  
3.191708 77.278076 -52.405296 1.000000  
0.927214 0.125450 0.352898 0.000000  
0.358818 -0.027467 -0.933003 0.000000  
-0.107352 0.991720 -0.070481 0.000000  
1.433707 38.807781 -51.193546 1.000000  
0.924520 0.126294 0.359602 0.000000  
0.378946 -0.203617 -0.902740 0.000000  
-0.040790 0.970871 -0.236106 0.000000  
3.031614 38.226135 -55.131172 1.000000  
0.929380 0.096007 0.356422 0.000000  
0.366235 -0.119221 -0.922854 0.000000  
-0.046108 0.988215 -0.145962 0.000000  
2.833103 38.967052 -52.279198 1.000000  
-0.366233 0.119221 0.922854 0.000000  
-0.046108 0.988215 -0.145962 0.000000  
-0.929380 -0.096007 -0.356420 0.000000  
5.076733 2.397292 -28.159586 1.000000  
-0.366233 0.119221 0.922854 0.000000  
-0.046108 0.988215 -0.145962 0.000000  
0.929380 0.096007 0.356420 0.000000  
4.967881 2.432727 -27.885294 1.000000  
0.432951 -0.085811 0.897324 0.000000  
0.898252 -0.042283 -0.437443 0.000000  
0.075479 0.995414 0.058773 0.000000  
2.918514 39.131573 -49.018589 1.000000  
0.432434 -0.085790 0.897575 0.000000  
0.899483 -0.028183 -0.436047 0.000000  
0.062705 0.995915 0.064980 0.000000  
2.614292 39.150257 -48.869823 1.000000  
0.406797 -0.080385 0.909975 0.000000  
0.903177 -0.114073 -0.413835 0.000000  
0.137070 0.990215 0.026197 0.000000  
4.759654 39.030502 -50.001259 1.000000  
-0.903176 0.114073 0.413836 0.000000  
0.137070 0.990215 0.026197 0.000000  
-0.406798 0.080385 -0.909974 0.000000  
-19.031570 2.181289 -50.501106 1.000000  
-0.903176 0.114073 0.413836 0.000000  
0.137070 0.990215 0.026197 0.000000  
-0.406798 0.080385 -0.909974 0.000000  
-19.300016 2.215194 -50.378109 1.000000  
1.000000 0.000000 0.000000 0.000000  
0.000000 1.000000 0.000000 0.000000  
0.000000 0.000000 1.000000 0.000000  
0.000000 0.000000 0.000000 1.000000  
1.000000 0.000000 0.000000 0.000000  
0.000000 0.000000 -1.000000 0.000000  
0.000000 1.000000 0.000000 0.000000  
0.000000 39.289753 -5.946892 1.000000  
-0.609763 0.126857 0.782366 0.000000  
0.788738 0.000000 0.614729 0.000000  
0.077983 0.991921 -0.100057 0.000000  
4.172918 23.284752 -51.919189 1.000000  
1.000000 0.000000 0.000000 0.000000  
0.000000 -0.000000 -1.000000 0.000000  
-0.000000 1.000000 0.000000 0.000000  
4.172919 -0.759706 -51.919189 1.000000  
0.788737 0.000000 0.614730 0.000000  
0.609764 -0.126857 -0.782365 0.000000  
0.077983 0.991921 -0.100057 0.000000  
5.347808 39.625385 -53.426651 1.000000  
0.766708 0.011866 0.641886 0.000000  
0.641652 -0.046871 -0.765562 0.000000  
0.021001 0.998830 -0.043550 0.000000  
4.533216 39.709137 -52.629871 1.000000  
0.756787 0.015427 0.653480 0.000000  
0.653653 -0.012709 -0.756688 0.000000  
-0.003369 0.999800 -0.019702 0.000000  
4.523988 39.703125 -52.625988 1.000000  
0.076890 0.992022 -0.099907 0.000000  
-0.609826 0.126067 0.782444 0.000000  
0.788796 0.000764 0.614654 0.000000  
4.586026 58.922825 -53.151665 1.000000  
0.646431 -0.138758 0.750249 0.000000  
0.756512 -0.011125 -0.653885 0.000000  
0.099078 0.990264 0.097781 0.000000  
3.793739 40.882820 -54.990120 1.000000  
0.295308 0.135189 0.945789 0.000000  
0.901641 0.287957 -0.322683 0.000000  
-0.315970 0.948053 -0.036856 0.000000  
12.543068 38.882797 -55.039757 1.000000  
-0.063420 0.192083 0.979327 0.000000  
0.676125 -0.713511 0.183732 0.000000  
0.734052 0.673800 -0.084621 0.000000  
21.785881 37.069080 -55.741142 1.000000  
0.031836 0.116872 0.992636 0.000000  
0.692013 -0.719176 0.062481 0.000000  
0.721183 0.684928 -0.103773 0.000000  
19.677895 38.763199 -56.569321 1.000000  
-0.131188 0.092144 0.987066 0.000000  
0.966420 -0.210034 0.148051 0.000000  
0.220959 0.973342 -0.061496 0.000000  
12.286515 49.271492 -54.926582 1.000000  
-0.039440 0.173571 0.984031 0.000000  
0.918829 -0.380712 0.103980 0.000000  
0.392680 0.908257 -0.144467 0.000000  
14.746593 44.953178 -57.318516 1.000000  
0.065357 0.235757 0.969611 0.000000  
0.837302 -0.541539 0.075235 0.000000  
0.542820 0.806941 -0.232793 0.000000  
16.483057 39.907070 -59.716919 1.000000  
-0.510473 -0.850836 -0.124482 0.000000  
0.801306 -0.418161 -0.427843 0.000000  
0.311971 -0.318151 0.895239 0.000000  
-4.286867 23.845654 -36.800549 1.000000  
0.313054 0.326647 0.891795 0.000000  
0.669172 -0.742188 0.036945 0.000000  
0.673948 0.585199 -0.450928 0.000000  
12.567872 31.805283 -63.358116 1.000000  
0.580763 0.499278 0.642989 0.000000  
0.636211 -0.771137 0.024143 0.000000  
0.507887 0.395056 -0.765495 0.000000  
2.177681 22.735634 -67.078812 1.000000  
-0.722707 -0.500598 0.476546 0.000000  
-0.298662 -0.395603 -0.868504 0.000000  
0.623294 -0.770000 0.136396 0.000000  
-4.929281 24.044075 -30.900883 1.000000  
-0.722707 -0.500598 0.476546 0.000000  
-0.298662 -0.395603 -0.868504 0.000000  
0.623294 -0.770000 0.136396 0.000000  
-7.004089 22.606916 -29.532772 1.000000  
0.274662 0.316573 0.907933 0.000000  
0.705670 -0.707758 0.033303 0.000000  
0.653139 0.631554 -0.417790 0.000000  
12.741838 33.124722 -62.743469 1.000000  
0.427832 0.443052 0.787823 0.000000  
0.710556 -0.703573 0.009800 0.000000  
0.558633 0.555599 -0.615824 0.000000  
6.848529 28.317364 -65.826462 1.000000  
0.550135 0.544492 0.633151 0.000000  
0.711171 -0.702891 -0.013459 0.000000  
0.437707 0.457682 -0.773912 0.000000  
0.661702 23.259718 -67.644943 1.000000  
-0.743374 -0.611446 0.271162 0.000000  
-0.213324 -0.167502 -0.962516 0.000000  
0.633947 -0.773354 -0.005919 0.000000  
-4.940596 19.193241 -30.240101 1.000000  
0.129007 0.192028 0.972873 0.000000  
0.685228 -0.726433 0.052521 0.000000  
0.716812 0.659864 -0.225298 0.000000  
17.450695 36.487633 -59.237968 1.000000  
0.302987 0.319565 0.897818 0.000000  
0.670167 -0.741253 0.037677 0.000000  
0.677551 0.590272 -0.438753 0.000000  
12.582950 31.787460 -63.527634 1.000000  
0.465805 0.429381 0.773729 0.000000  
0.652120 -0.757605 0.027840 0.000000  
0.598135 0.491596 -0.632904 0.000000  
6.751196 26.488523 -66.792297 1.000000  
-0.779517 -0.597949 0.186572 0.000000  
-0.062103 -0.222612 -0.972927 0.000000  
0.623294 -0.770000 0.136395 0.000000  
-2.779846 17.560886 -30.559814 1.000000  
0.787827 0.313925 0.529887 0.000000  
0.562196 -0.015190 -0.826864 0.000000  
-0.251524 0.949327 -0.188455 0.000000  
8.310826 42.446396 -51.043041 1.000000  
0.989018 -0.136843 0.055827 0.000000  
0.093277 0.284958 -0.953991 0.000000  
0.114638 0.948722 0.294593 0.000000  
5.337755 38.267899 -61.833038 1.000000  
0.933969 -0.194456 -0.299816 0.000000  
-0.344346 -0.714032 -0.609577 0.000000  
-0.095543 0.672566 -0.733844 0.000000  
3.760986 36.436264 -70.955803 1.000000  
0.970237 -0.119142 -0.210821 0.000000  
-0.230635 -0.720003 -0.654525 0.000000  
-0.073810 0.683667 -0.726052 0.000000  
5.081211 38.131409 -69.116508 1.000000  
0.925149 -0.094632 -0.367619 0.000000  
-0.379527 -0.211050 -0.900788 0.000000  
0.007658 0.972884 -0.231167 0.000000  
5.309645 48.653923 -61.567997 1.000000  
0.944411 -0.175922 -0.277740 0.000000  
-0.325513 -0.381763 -0.865043 0.000000  
0.046149 0.907363 -0.417806 0.000000  
7.021565 44.326569 -64.528496 1.000000  
0.955848 -0.237926 -0.172470 0.000000  
-0.278074 -0.542543 -0.792669 0.000000  
0.095024 0.805629 -0.584749 0.000000  
8.914736 39.272434 -66.787369 1.000000  
0.243509 -0.850404 0.466387 0.000000  
0.218841 -0.420288 -0.880607 0.000000  
-0.944887 -0.316500 -0.083759 0.000000  
-8.279260 23.293837 -41.027515 1.000000  
0.940573 -0.328285 0.086899 0.000000  
-0.200346 -0.743043 -0.638552 0.000000  
0.274196 0.583194 -0.764657 0.000000  
13.384793 31.167692 -63.861996 1.000000  
0.764186 -0.499957 0.407508 0.000000  
-0.179954 -0.771976 -0.609648 0.000000  
0.619384 0.392552 -0.679902 0.000000  
19.508204 22.104034 -54.674393 1.000000  
0.465475 -0.581351 0.667356 0.000000  
-0.176607 -0.799868 -0.573604 0.000000  
0.867262 0.149138 -0.474989 0.000000  
21.244267 12.869648 -43.056137 1.000000  
-0.286996 -0.498465 0.818026 0.000000  
0.914344 -0.397208 0.078749 0.000000  
-0.285672 -0.770557 -0.569765 0.000000  
-14.667987 22.075899 -36.618538 1.000000  
0.946886 -0.318303 0.045712 0.000000  
-0.205643 -0.708673 -0.674903 0.000000  
0.247218 0.629656 -0.736489 0.000000  
12.748809 32.488316 -63.883469 1.000000  
0.867487 -0.444284 0.223781 0.000000  
-0.184032 -0.704550 -0.685377 0.000000  
0.462167 0.553373 -0.692950 0.000000  
17.165932 27.682081 -58.909958 1.000000  
0.747092 -0.545191 0.380290 0.000000  
-0.161624 -0.703924 -0.691643 0.000000  
0.644772 0.455257 -0.614011 0.000000  
20.427731 22.628929 -53.343117 1.000000  
-0.082981 -0.609763 0.788228 0.000000  
0.985159 -0.169448 -0.027369 0.000000  
-0.150252 -0.774259 -0.614775 0.000000  
-14.491470 18.657677 -38.785587 1.000000  
0.974608 -0.194115 -0.111618 0.000000  
-0.219336 -0.727274 -0.650358 0.000000  
0.045067 0.658326 -0.751383 0.000000  
8.207835 35.852760 -67.602478 1.000000  
0.943974 -0.321231 0.075654 0.000000  
-0.201297 -0.742108 -0.639340 0.000000  
0.261519 0.588291 -0.765194 0.000000  
13.545501 31.149456 -63.917904 1.000000  
0.863100 -0.430528 0.264018 0.000000  
-0.187390 -0.758457 -0.624202 0.000000  
0.468982 0.489274 -0.735301 0.000000  
18.122875 25.851133 -59.047421 1.000000  
0.007893 -0.596413 0.802639 0.000000  
0.958295 -0.224795 -0.176461 0.000000  
-0.285673 -0.770558 -0.569766 0.000000  
-14.711157 17.021536 -40.955933 1.000000  
0.783956 0.037270 0.619697 0.000000  
0.614400 0.096572 -0.783062 0.000000  
-0.089030 0.994628 0.052810 0.000000  
6.435479 39.778999 -54.255238 1.000000  
-0.089030 0.994628 0.052810 0.000000  
-0.614401 -0.096572 0.783061 0.000000  
0.783955 0.037270 0.619698 0.000000  
3.191711 77.250725 -52.405296 1.000000  
0.926514 0.125617 0.354672 0.000000  
0.364233 -0.063008 -0.929174 0.000000  
-0.094373 0.990076 -0.104131 0.000000  
1.650872 38.758602 -51.759453 1.000000  
0.924846 0.126146 0.358814 0.000000  
0.376609 -0.171873 -0.910288 0.000000  
-0.053158 0.977009 -0.206464 0.000000  
2.640227 38.394794 -54.192261 1.000000  
0.929245 0.095802 0.356828 0.000000  
0.366609 -0.119226 -0.922704 0.000000  
-0.045854 0.988235 -0.145912 0.000000  
2.839888 38.951801 -52.277851 1.000000  
-0.366607 0.119226 0.922705 0.000000  
-0.045854 0.988234 -0.145912 0.000000  
-0.929245 -0.095802 -0.356827 0.000000  
5.066070 2.379896 -28.159874 1.000000  
-0.366607 0.119226 0.922705 0.000000  
-0.045854 0.988234 -0.145912 0.000000  
0.929245 0.095802 0.356827 0.000000  
4.957107 2.415332 -27.885626 1.000000  
0.433634 -0.086043 0.896972 0.000000  
0.896600 -0.058036 -0.439022 0.000000  
0.089831 0.994600 0.051980 0.000000  
3.159410 39.092094 -49.132370 1.000000  
0.432012 -0.085979 0.897760 0.000000  
0.900495 -0.013792 -0.434649 0.000000  
0.049752 0.996202 0.071465 0.000000  
2.204913 39.151455 -48.665344 1.000000  
0.406884 -0.080351 0.909939 0.000000  
0.903139 -0.114076 -0.413916 0.000000  
0.137060 0.990217 0.026153 0.000000  
4.759727 39.027740 -50.002617 1.000000  
-0.903139 0.114076 0.413917 0.000000  
0.137060 0.990217 0.026153 0.000000  
-0.406885 0.080351 -0.909939 0.000000  
-19.031113 2.178235 -50.499050 1.000000  
-0.903139 0.114075 0.413917 0.000000  
0.137060 0.990217 0.026153 0.000000  
-0.406885 0.080351 -0.909939 0.000000  
-19.299547 2.212141 -50.376026 1.000000  
1.000000 0.000000 0.000000 0.000000  
0.000000 1.000000 0.000000 0.000000  
0.000000 0.000000 1.000000 0.000000  
0.000000 0.000000 0.000000 1.000000  
1.000000 0.000000 0.000000 0.000000  
0.000000 0.000000 -1.000000 0.000000  
0.000000 1.000000 0.000000 0.000000  
0.000000 39.289753 -5.946892 1.000000  
-0.609763 0.126857 0.782366 0.000000  
0.788738 0.000000 0.614729 0.000000  
0.077983 0.991921 -0.100057 0.000000  
4.172918 23.257492 -51.919189 1.000000  
1.000000 0.000000 0.000000 0.000000  
0.000000 0.000000 -1.000000 0.000000  
-0.000000 1.000000 0.000000 0.000000  
4.172919 -0.759705 -51.919189 1.000000  
0.788737 0.000000 0.614730 0.000000  
0.609764 -0.126857 -0.782365 0.000000  
0.077983 0.991921 -0.100057 0.000000  
5.347809 39.598129 -53.426651 1.000000  
0.766708 0.011866 0.641886 0.000000  
0.641652 -0.046871 -0.765562 0.000000  
0.021002 0.998830 -0.043550 0.000000  
4.533218 39.681877 -52.629875 1.000000  
0.756787 0.015427 0.653480 0.000000  
0.653653 -0.012709 -0.756688 0.000000  
-0.003369 0.999800 -0.019702 0.000000  
4.523992 39.675865 -52.625992 1.000000  
0.076890 0.992022 -0.099907 0.000000  
-0.609826 0.126067 0.782444 0.000000  
0.788796 0.000764 0.614654 0.000000  
4.586030 58.895569 -53.151669 1.000000  
0.646430 -0.138758 0.750249 0.000000  
0.756512 -0.011124 -0.653885 0.000000  
0.099078 0.990264 0.097781 0.000000  
3.793746 40.855564 -54.990124 1.000000  
0.293644 0.133358 0.946567 0.000000  
0.904031 0.283054 -0.320327 0.000000  
-0.310647 0.949787 -0.037442 0.000000  
12.486670 38.849987 -55.039463 1.000000  
-0.063122 0.190735 0.979610 0.000000  
0.676929 -0.713075 0.182458 0.000000  
0.733337 0.674643 -0.084103 0.000000  
21.677967 37.025509 -55.729206 1.000000  
0.032216 0.115602 0.992773 0.000000  
0.692762 -0.718566 0.061191 0.000000  
0.720447 0.685784 -0.103234 0.000000  
19.567881 38.718605 -56.554111 1.000000  
-0.130786 0.090718 0.987251 0.000000  
0.966703 -0.209262 0.147293 0.000000  
0.219956 0.973642 -0.060329 0.000000  
12.166836 49.217354 -54.893898 1.000000  
-0.039121 0.172240 0.984278 0.000000  
0.919261 -0.379930 0.103021 0.000000  
0.391701 0.908838 -0.143471 0.000000  
14.630029 44.904640 -57.292717 1.000000  
0.065606 0.234550 0.969887 0.000000  
0.837880 -0.540801 0.074106 0.000000  
0.541898 0.807787 -0.232005 0.000000  
16.370331 39.863415 -59.698608 1.000000  
-0.509686 -0.851181 -0.125344 0.000000  
0.801509 -0.416799 -0.428792 0.000000  
0.312736 -0.319013 0.894665 0.000000  
-4.372078 23.751213 -36.792969 1.000000  
0.313174 0.325790 0.892067 0.000000  
0.669931 -0.741567 0.035637 0.000000  
0.673138 0.586463 -0.450496 0.000000  
12.461411 31.762505 -63.348480 1.000000  
0.578533 0.497833 0.646113 0.000000  
0.637308 -0.770270 0.022848 0.000000  
0.509056 0.398554 -0.762900 0.000000  
2.177310 22.769007 -67.067703 1.000000  
-0.724126 -0.504807 0.469906 0.000000  
-0.293432 -0.391093 -0.872321 0.000000  
0.624131 -0.769556 0.135074 0.000000  
-5.014876 23.937111 -30.901810 1.000000  
-0.724126 -0.504807 0.469906 0.000000  
-0.293432 -0.391093 -0.872321 0.000000  
0.624131 -0.769556 0.135074 0.000000  
-7.093760 22.487865 -29.552763 1.000000  
0.274800 0.315656 0.908210 0.000000  
0.706393 -0.707096 0.032022 0.000000  
0.652299 0.632754 -0.417287 0.000000  
12.634367 33.081310 -62.732185 1.000000  
0.427784 0.442445 0.788190 0.000000  
0.711263 -0.702875 0.008522 0.000000  
0.557769 0.556964 -0.615373 0.000000  
6.744320 28.272114 -65.818542 1.000000  
0.544801 0.539940 0.641605 0.000000  
0.711927 -0.702121 -0.013645 0.000000  
0.443117 0.464209 -0.766914 0.000000  
0.857319 23.453133 -67.595238 1.000000  
-0.744819 -0.614249 0.260657 0.000000  
-0.205867 -0.160043 -0.965404 0.000000  
0.634715 -0.772712 -0.007250 0.000000  
-5.024211 19.084618 -30.267397 1.000000  
0.129302 0.190881 0.973060 0.000000  
0.685979 -0.725816 0.051226 0.000000  
0.716041 0.660875 -0.224790 0.000000  
17.341623 36.444317 -59.224636 1.000000  
0.300232 0.316646 0.899776 0.000000  
0.671208 -0.740366 0.036583 0.000000  
0.677747 0.592953 -0.434817 0.000000  
12.566983 31.828949 -63.457718 1.000000  
0.463193 0.427177 0.776513 0.000000  
0.653211 -0.756708 0.026639 0.000000  
0.598973 0.494887 -0.629538 0.000000  
6.751627 26.533440 -66.757004 1.000000  
-0.779066 -0.599837 0.182352 0.000000  
-0.059308 -0.219043 -0.973911 0.000000  
0.624131 -0.769556 0.135074 0.000000  
-2.856993 17.454952 -30.582535 1.000000  
0.787826 0.313925 0.529887 0.000000  
0.562196 -0.015190 -0.826864 0.000000  
-0.251524 0.949326 -0.188455 0.000000  
8.310828 42.419136 -51.043041 1.000000  
0.988946 -0.137881 0.054538 0.000000  
0.091472 0.277832 -0.956265 0.000000  
0.116698 0.950683 0.287373 0.000000  
5.309845 38.206131 -61.747810 1.000000  
0.933933 -0.196296 -0.298726 0.000000  
-0.345068 -0.713157 -0.610192 0.000000  
-0.093261 0.672960 -0.733776 0.000000  
3.734391 36.356358 -70.808243 1.000000  
0.970247 -0.121081 -0.209667 0.000000  
-0.231314 -0.719350 -0.655004 0.000000  
-0.071515 0.684014 -0.725954 0.000000  
5.055844 38.048286 -68.966873 1.000000  
0.925401 -0.096436 -0.366513 0.000000  
-0.378857 -0.210024 -0.901309 0.000000  
0.009942 0.972928 -0.230892 0.000000  
5.296687 48.568260 -61.415222 1.000000  
0.944386 -0.177789 -0.276633 0.000000  
-0.325238 -0.380859 -0.865544 0.000000  
0.048526 0.907379 -0.417501 0.000000  
7.003324 44.238197 -64.374802 1.000000  
0.955567 -0.239845 -0.171366 0.000000  
-0.278219 -0.541754 -0.793156 0.000000  
0.097397 0.805591 -0.584412 0.000000  
8.888856 39.180794 -66.632736 1.000000  
0.241188 -0.851029 0.466452 0.000000  
0.219053 -0.420498 -0.880453 0.000000  
-0.945433 -0.314532 -0.085001 0.000000  
-8.369478 23.230627 -40.898308 1.000000  
0.939789 -0.330243 0.087960 0.000000  
-0.201093 -0.742456 -0.638999 0.000000  
0.276331 0.582836 -0.764162 0.000000  
13.338652 31.066078 -63.704117 1.000000  
0.764839 -0.500476 0.405641 0.000000  
-0.180904 -0.771177 -0.610376 0.000000  
0.618300 0.393458 -0.680365 0.000000  
19.400585 22.068874 -54.605686 1.000000  
0.469616 -0.581939 0.663933 0.000000  
-0.177451 -0.798886 -0.574711 0.000000  
0.864854 0.152078 -0.478435 0.000000  
21.165401 12.896568 -43.111820 1.000000  
-0.282357 -0.500990 0.818097 0.000000  
0.915509 -0.395469 0.073799 0.000000  
-0.286560 -0.769814 -0.570325 0.000000  
-14.737405 22.012146 -36.495022 1.000000  
0.946173 -0.320262 0.046783 0.000000  
-0.206275 -0.708065 -0.675348 0.000000  
0.249414 0.629345 -0.736014 0.000000  
12.705412 32.388016 -63.726006 1.000000  
0.866297 -0.446128 0.224721 0.000000  
-0.184642 -0.703984 -0.685794 0.000000  
0.464152 0.552608 -0.692233 0.000000  
17.106552 27.571354 -58.748417 1.000000  
0.752058 -0.542612 0.374140 0.000000  
-0.163298 -0.703356 -0.691827 0.000000  
0.638547 0.459197 -0.617572 0.000000  
20.236523 22.752211 -53.455486 1.000000  
-0.074904 -0.611563 0.787642 0.000000  
0.985678 -0.165086 -0.034443 0.000000  
-0.151092 -0.773781 -0.615169 0.000000  
-14.564216 18.601576 -38.666161 1.000000  
0.974342 -0.196089 -0.110479 0.000000  
-0.220035 -0.726644 -0.650824 0.000000  
0.047340 0.658435 -0.751147 0.000000  
8.175921 35.762802 -67.449646 1.000000  
0.944167 -0.321164 0.073505 0.000000  
-0.202315 -0.741252 -0.640011 0.000000  
0.260034 0.589406 -0.764841 0.000000  
13.419292 31.131742 -63.833263 1.000000  
0.863651 -0.430738 0.261861 0.000000  
-0.188378 -0.757619 -0.624921 0.000000  
0.467568 0.490385 -0.735460 0.000000  
18.006386 25.827465 -58.978436 1.000000  
0.009447 -0.597531 0.801790 0.000000  
0.958016 -0.224373 -0.178501 0.000000  
-0.286559 -0.769813 -0.570325 0.000000  
-14.793390 16.966623 -40.840176 1.000000  
0.783956 0.037270 0.619697 0.000000  
0.614400 0.096572 -0.783062 0.000000  
-0.089030 0.994628 0.052809 0.000000  
6.435481 39.751740 -54.255241 1.000000  
-0.089030 0.994628 0.052809 0.000000  
-0.614401 -0.096572 0.783062 0.000000  
0.783955 0.037270 0.619698 0.000000  
3.191715 77.223457 -52.405300 1.000000  
0.925933 0.126065 0.356028 0.000000  
0.368842 -0.099002 -0.924205 0.000000  
-0.081262 0.987070 -0.138168 0.000000  
1.869552 38.685310 -52.329182 1.000000  
0.925313 0.126265 0.357566 0.000000  
0.373428 -0.139441 -0.917120 0.000000  
-0.065940 0.982147 -0.176177 0.000000  
2.237356 38.548538 -53.232765 1.000000  
0.929252 0.095827 0.356804 0.000000  
0.366588 -0.119226 -0.922713 0.000000  
-0.045880 0.988232 -0.145920 0.000000  
2.839239 38.952732 -52.277946 1.000000  
-0.366586 0.119226 0.922713 0.000000  
-0.045880 0.988232 -0.145920 0.000000  
-0.929252 -0.095827 -0.356802 0.000000  
5.066879 2.381104 -28.159672 1.000000  
-0.366586 0.119226 0.922713 0.000000  
-0.045880 0.988232 -0.145920 0.000000  
0.929252 0.095827 0.356802 0.000000  
4.957921 2.416541 -27.885424 1.000000  
0.434216 -0.086328 0.896663 0.000000  
0.894757 -0.073857 -0.440404 0.000000  
0.104244 0.993526 0.045173 0.000000  
3.400654 39.048096 -49.246143 1.000000  
0.431483 -0.086217 0.897992 0.000000  
0.901374 0.000687 -0.433042 0.000000  
0.036718 0.996276 0.078010 0.000000  
1.792548 39.149353 -48.459076 1.000000  
0.406865 -0.080360 0.909947 0.000000  
0.903147 -0.114075 -0.413899 0.000000  
0.137063 0.990217 0.026164 0.000000  
4.759699 39.028301 -50.002319 1.000000  
-0.903147 0.114075 0.413900 0.000000  
0.137063 0.990217 0.026164 0.000000  
-0.406867 0.080360 -0.909947 0.000000  
-19.031244 2.178868 -50.499531 1.000000  
-0.903147 0.114075 0.413900 0.000000  
0.137063 0.990217 0.026164 0.000000  
-0.406867 0.080360 -0.909947 0.000000  
-19.299681 2.212774 -50.376511 1.000000  
1.000000 0.000000 0.000000 0.000000  
0.000000 1.000000 0.000000 0.000000  
0.000000 0.000000 1.000000 0.000000  
0.000000 0.000000 0.000000 1.000000  
1.000000 0.000000 0.000000 0.000000  
0.000000 0.000000 -1.000000 0.000000  
0.000000 1.000000 0.000000 0.000000  
0.000000 39.289753 -5.946892 1.000000  
-0.609763 0.126857 0.782366 0.000000  
0.788738 0.000000 0.614729 0.000000  
0.077983 0.991921 -0.100057 0.000000  
4.172918 23.229567 -51.919189 1.000000  
1.000000 0.000000 0.000000 0.000000  
0.000000 0.000000 -1.000000 0.000000  
-0.000000 1.000000 0.000000 0.000000  
4.172920 -0.759704 -51.919189 1.000000  
0.788737 0.000000 0.614730 0.000000  
0.609764 -0.126857 -0.782365 0.000000  
0.077983 0.991921 -0.100057 0.000000  
5.347809 39.570202 -53.426651 1.000000  
0.766708 0.011866 0.641886 0.000000  
0.641652 -0.046871 -0.765562 0.000000  
0.021002 0.998830 -0.043550 0.000000  
4.533219 39.653954 -52.629875 1.000000  
0.756787 0.015427 0.653480 0.000000  
0.653653 -0.012709 -0.756688 0.000000  
-0.003369 0.999800 -0.019702 0.000000  
4.523994 39.647938 -52.625992 1.000000  
0.076890 0.992022 -0.099907 0.000000  
-0.609826 0.126067 0.782444 0.000000  
0.788796 0.000764 0.614654 0.000000  
4.586031 58.867638 -53.151669 1.000000  
0.646430 -0.138758 0.750249 0.000000  
0.756512 -0.011124 -0.653885 0.000000  
0.099078 0.990264 0.097781 0.000000  
3.793749 40.827633 -54.990128 1.000000  
0.291926 0.131490 0.947359 0.000000  
0.906445 0.278018 -0.317906 0.000000  
-0.305184 0.951534 -0.038028 0.000000  
12.428874 38.816704 -55.039330 1.000000  
-0.062823 0.189352 0.979897 0.000000  
0.677753 -0.712624 0.181157 0.000000  
0.732601 0.675509 -0.083564 0.000000  
21.567261 36.981472 -55.717201 1.000000  
0.032599 0.114299 0.992912 0.000000  
0.693530 -0.717936 0.059876 0.000000  
0.719690 0.686662 -0.102673 0.000000  
19.455021 38.673508 -56.538773 1.000000  
-0.130381 0.089255 0.987438 0.000000  
0.966991 -0.208467 0.146525 0.000000  
0.218926 0.973948 -0.059129 0.000000  
12.044043 49.162407 -54.860703 1.000000  
-0.038801 0.170876 0.984528 0.000000  
0.919702 -0.379124 0.102047 0.000000  
0.390695 0.909432 -0.142444 0.000000  
14.510452 44.855453 -57.266563 1.000000  
0.065855 0.233312 0.970169 0.000000  
0.838472 -0.540039 0.072957 0.000000  
0.540951 0.808655 -0.231190 0.000000  
16.254713 39.819260 -59.680111 1.000000  
-0.508875 -0.851535 -0.126233 0.000000  
0.801720 -0.415398 -0.429756 0.000000  
0.313515 -0.319895 0.894078 0.000000  
-4.459587 23.654957 -36.785748 1.000000  
0.313289 0.324911 0.892347 0.000000  
0.670710 -0.740926 0.034301 0.000000  
0.672308 0.587760 -0.450045 0.000000  
12.352269 31.719257 -63.338921 1.000000  
0.576240 0.496334 0.649307 0.000000  
0.638432 -0.769377 0.021528 0.000000  
0.510247 0.402134 -0.760222 0.000000  
2.176690 22.803970 -67.056137 1.000000  
-0.725541 -0.509082 0.463062 0.000000  
-0.288062 -0.386431 -0.876180 0.000000  
0.624989 -0.769095 0.133724 0.000000  
-5.102789 23.828058 -30.903345 1.000000  
-0.725541 -0.509082 0.463062 0.000000  
-0.288062 -0.386431 -0.876180 0.000000  
0.624989 -0.769095 0.133724 0.000000  
-7.185735 22.366541 -29.573946 1.000000  
0.274934 0.314716 0.908496 0.000000  
0.707134 -0.706412 0.030715 0.000000  
0.651439 0.633984 -0.416763 0.000000  
12.524184 33.037411 -62.720936 1.000000  
0.427727 0.441823 0.788570 0.000000  
0.711988 -0.702155 0.007218 0.000000  
0.556887 0.558364 -0.614903 0.000000  
6.637516 28.226320 -65.810799 1.000000  
0.539280 0.535190 0.650191 0.000000  
0.712694 -0.701339 -0.013830 0.000000  
0.448602 0.470845 -0.759645 0.000000  
1.056871 23.651958 -67.540260 1.000000  
-0.746221 -0.617030 0.249855 0.000000  
-0.198213 -0.152359 -0.968245 0.000000  
0.635504 -0.772049 -0.008610 0.000000  
-5.109887 18.974108 -30.296024 1.000000  
0.129597 0.189704 0.973251 0.000000  
0.686749 -0.725179 0.049904 0.000000  
0.715248 0.661912 -0.224260 0.000000  
17.229755 36.400528 -59.211231 1.000000  
0.297403 0.313639 0.901766 0.000000  
0.672275 -0.739452 0.035469 0.000000  
0.677937 0.595686 -0.430767 0.000000  
12.550198 31.871948 -63.385769 1.000000  
0.460509 0.424899 0.779354 0.000000  
0.654329 -0.755783 0.025415 0.000000  
0.599821 0.498250 -0.626069 0.000000  
6.751737 26.580135 -66.720535 1.000000  
-0.778591 -0.601753 0.178016 0.000000  
-0.056442 -0.215374 -0.974899 0.000000  
0.624989 -0.769095 0.133724 0.000000  
-2.936205 17.347054 -30.606394 1.000000  
0.787827 0.313925 0.529887 0.000000  
0.562196 -0.015190 -0.826864 0.000000  
-0.251524 0.949326 -0.188455 0.000000  
8.310830 42.391205 -51.043045 1.000000  
0.988868 -0.138951 0.053225 0.000000  
0.089605 0.270518 -0.958536 0.000000  
0.118792 0.952635 0.279957 0.000000  
5.281441 38.143555 -61.660191 1.000000  
0.933897 -0.198172 -0.297596 0.000000  
-0.345788 -0.712267 -0.610825 0.000000  
-0.090919 0.673353 -0.733710 0.000000  
3.707490 36.275608 -70.656593 1.000000  
0.970256 -0.123057 -0.208469 0.000000  
-0.231990 -0.718685 -0.655493 0.000000  
-0.069161 0.684359 -0.725857 0.000000  
5.030149 37.964264 -68.813087 1.000000  
0.925662 -0.098276 -0.365366 0.000000  
-0.378153 -0.208985 -0.901846 0.000000  
0.012274 0.972968 -0.230613 0.000000  
5.283458 48.481659 -61.258255 1.000000  
0.944361 -0.179693 -0.275484 0.000000  
-0.324938 -0.379941 -0.866060 0.000000  
0.050958 0.907389 -0.417191 0.000000  
6.984770 44.148838 -64.216858 1.000000  
0.955279 -0.241801 -0.170219 0.000000  
-0.278347 -0.540955 -0.793657 0.000000  
0.099826 0.805543 -0.584067 0.000000  
8.862561 39.088104 -66.473785 1.000000  
0.238812 -0.851659 0.466524 0.000000  
0.219288 -0.420717 -0.880290 0.000000  
-0.945982 -0.312527 -0.086286 0.000000  
-8.461795 23.167168 -40.765629 1.000000  
0.938982 -0.332236 0.089061 0.000000  
-0.201838 -0.741860 -0.639457 0.000000  
0.278521 0.582463 -0.763651 0.000000  
13.291620 30.963284 -63.541748 1.000000  
0.765505 -0.500994 0.403741 0.000000  
-0.181857 -0.770363 -0.611121 0.000000  
0.617195 0.394394 -0.680826 0.000000  
19.290649 22.034565 -54.534412 1.000000  
0.473840 -0.582518 0.660416 0.000000  
-0.178298 -0.797881 -0.575843 0.000000  
0.862372 0.155106 -0.481930 0.000000  
21.083973 12.926375 -43.167732 1.000000  
-0.277609 -0.503572 0.818137 0.000000  
0.916682 -0.393659 0.068746 0.000000  
-0.287449 -0.769056 -0.570899 0.000000  
-14.808433 21.948076 -36.368366 1.000000  
0.945439 -0.322258 0.047895 0.000000  
-0.206901 -0.707448 -0.675803 0.000000  
0.251666 0.629021 -0.735525 0.000000  
12.661184 32.286552 -63.564075 1.000000  
0.865074 -0.448004 0.225697 0.000000  
-0.185247 -0.703409 -0.686220 0.000000  
0.466187 0.551822 -0.691493 0.000000  
17.045902 27.459328 -58.582233 1.000000  
0.757090 -0.539926 0.367823 0.000000  
-0.164992 -0.702782 -0.692008 0.000000  
0.632133 0.463224 -0.621153 0.000000  
20.038580 22.880333 -53.568642 1.000000  
-0.066633 -0.613372 0.786978 0.000000  
0.986142 -0.160586 -0.041664 0.000000  
-0.151933 -0.773296 -0.615572 0.000000  
-14.638571 18.545441 -38.543766 1.000000  
0.974069 -0.198101 -0.109298 0.000000  
-0.220732 -0.726005 -0.651302 0.000000  
0.049673 0.658538 -0.750906 0.000000  
8.143500 35.671837 -67.292526 1.000000  
0.944363 -0.321078 0.071321 0.000000  
-0.203337 -0.740378 -0.640698 0.000000  
0.258519 0.590550 -0.764473 0.000000  
13.290363 31.115185 -63.745731 1.000000  
0.864214 -0.430937 0.259667 0.000000  
-0.189369 -0.756764 -0.625657 0.000000  
0.466126 0.491529 -0.735613 0.000000  
17.887377 25.804907 -58.906868 1.000000  
0.011031 -0.598673 0.800917 0.000000  
0.957732 -0.223925 -0.180571 0.000000  
-0.287448 -0.769056 -0.570899 0.000000  
-14.877429 16.911581 -40.721367 1.000000  
0.783956 0.037270 0.619697 0.000000  
0.614400 0.096572 -0.783062 0.000000  
-0.089030 0.994628 0.052809 0.000000  
6.435483 39.723808 -54.255241 1.000000  
-0.089030 0.994628 0.052809 0.000000  
-0.614401 -0.096572 0.783062 0.000000  
0.783955 0.037270 0.619698 0.000000  
3.191716 77.195534 -52.405304 1.000000  
0.925498 0.126665 0.356945 0.000000  
0.372266 -0.130533 -0.918902 0.000000  
-0.069799 0.983320 -0.167961 0.000000  
2.060383 38.597340 -52.826275 1.000000  
0.925800 0.126567 0.356196 0.000000  
0.370036 -0.110856 -0.922380 0.000000  
-0.077256 0.985744 -0.149464 0.000000  
1.881392 38.664597 -52.386581 1.000000  
0.929348 0.095966 0.356516 0.000000  
0.366322 -0.119222 -0.922819 0.000000  
-0.046054 0.988219 -0.145953 0.000000  
2.834460 38.963535 -52.278751 1.000000  
-0.366321 0.119222 0.922819 0.000000  
-0.046054 0.988219 -0.145953 0.000000  
-0.929348 -0.095965 -0.356515 0.000000  
5.074232 2.393342 -28.159422 1.000000  
-0.366321 0.119222 0.922819 0.000000  
-0.046054 0.988219 -0.145953 0.000000  
0.929348 0.095965 0.356515 0.000000  
4.965353 2.428778 -27.885141 1.000000  
0.434733 -0.086639 0.896382 0.000000  
0.892796 -0.088953 -0.441591 0.000000  
0.117995 0.992261 0.038680 0.000000  
3.630623 38.999992 -49.354591 1.000000  
0.430939 -0.086481 0.898228 0.000000  
0.902055 0.014512 -0.431378 0.000000  
0.024271 0.996148 0.084265 0.000000  
1.398639 39.142181 -48.261978 1.000000  
0.406810 -0.080381 0.909970 0.000000  
0.903171 -0.114073 -0.413847 0.000000  
0.137068 0.990215 0.026191 0.000000  
4.759615 39.030090 -50.001480 1.000000  
-0.903171 0.114073 0.413848 0.000000  
0.137068 0.990215 0.026191 0.000000  
-0.406811 0.080381 -0.909969 0.000000  
-19.031555 2.180834 -50.500854 1.000000  
-0.903171 0.114073 0.413848 0.000000  
0.137068 0.990215 0.026191 0.000000  
-0.406811 0.080381 -0.909969 0.000000  
-19.299999 2.214739 -50.377850 1.000000  
1.000000 0.000000 0.000000 0.000000  
0.000000 1.000000 0.000000 0.000000  
0.000000 0.000000 1.000000 0.000000  
0.000000 0.000000 0.000000 1.000000  
1.000000 0.000000 0.000000 0.000000  
0.000000 0.000000 -1.000000 0.000000  
0.000000 1.000000 0.000000 0.000000  
0.000000 39.289753 -5.946892 1.000000  
-0.609763 0.126857 0.782366 0.000000  
0.788738 0.000000 0.614729 0.000000  
0.077983 0.991921 -0.100057 0.000000  
4.172918 23.200411 -51.919189 1.000000  
1.000000 -0.000000 0.000000 0.000000  
0.000000 -0.000000 -1.000000 0.000000  
-0.000000 1.000000 0.000000 0.000000  
4.172919 -0.759705 -51.919189 1.000000  
0.788737 0.000000 0.614730 0.000000  
0.609764 -0.126857 -0.782365 0.000000  
0.077983 0.991921 -0.100057 0.000000  
5.347809 39.541046 -53.426651 1.000000  
0.766708 0.011866 0.641886 0.000000  
0.641652 -0.046871 -0.765562 0.000000  
0.021002 0.998830 -0.043550 0.000000  
4.533219 39.624798 -52.629875 1.000000  
0.756787 0.015427 0.653480 0.000000  
0.653653 -0.012709 -0.756688 0.000000  
-0.003369 0.999800 -0.019702 0.000000  
4.523994 39.618782 -52.625992 1.000000  
0.076890 0.992022 -0.099907 0.000000  
-0.609826 0.126067 0.782444 0.000000  
0.788796 0.000764 0.614654 0.000000  
4.586031 58.838482 -53.151669 1.000000  
0.646430 -0.138758 0.750249 0.000000  
0.756512 -0.011124 -0.653885 0.000000  
0.099078 0.990264 0.097781 0.000000  
3.793748 40.798477 -54.990124 1.000000  
0.290123 0.129561 0.948179 0.000000  
0.908928 0.272736 -0.315380 0.000000  
-0.299463 0.953325 -0.038635 0.000000  
12.368395 38.782188 -55.039162 1.000000  
-0.062515 0.187921 0.980193 0.000000  
0.678609 -0.712150 0.179813 0.000000  
0.731834 0.676409 -0.083005 0.000000  
21.451382 36.935959 -55.704716 1.000000  
