3560  
60 
1.000000 0.000000 0.000000 0.000000  
0.000000 1.000000 0.000000 0.000000  
0.000000 0.000000 1.000000 0.000000  
0.000000 0.000000 0.000000 1.000000  
1.000000 0.000000 0.000000 0.000000  
0.000000 0.000000 -1.000000 0.000000  
0.000000 1.000000 0.000000 0.000000  
0.000000 39.289753 -5.946892 1.000000  
0.678603 0.121197 -0.724437 0.000000  
-0.729817 -0.000000 -0.683643 0.000000  
-0.082856 0.992628 0.088452 0.000000  
-4.320349 23.095205 -1.423510 1.000000  
1.000000 -0.000000 -0.000000 0.000000  
-0.000000 -0.000000 -1.000000 0.000000  
0.000000 1.000000 -0.000000 0.000000  
-4.320349 -1.510451 -1.423511 1.000000  
-0.731463 0.021860 -0.681530 0.000000  
-0.678605 -0.121197 0.724436 0.000000  
-0.066763 0.992388 0.103486 0.000000  
-5.298471 39.442513 0.150621 1.000000  
-0.826419 -0.001049 -0.563054 0.000000  
-0.562962 -0.016601 0.826316 0.000000  
-0.010214 0.999862 0.013129 0.000000  
-4.554194 39.530449 -1.182255 1.000000  
-0.861406 0.012944 -0.507752 0.000000  
-0.507315 0.026753 0.861346 0.000000  
0.024733 0.999558 -0.016478 0.000000  
-4.550002 39.522411 -1.196579 1.000000  
-0.082315 0.992725 0.087875 0.000000  
0.678671 0.120407 -0.724505 0.000000  
-0.729815 0.000000 -0.683645 0.000000  
-4.173144 58.745068 -1.346382 1.000000  
-0.795654 -0.373848 -0.476625 0.000000  
-0.522737 0.026185 0.852092 0.000000  
-0.306072 0.927120 -0.216258 0.000000  
-0.262230 43.177876 1.464813 1.000000  
-0.549596 0.011084 -0.835358 0.000000  
-0.791353 0.313593 0.524805 0.000000  
0.267780 0.949493 -0.163578 0.000000  
-10.151836 39.297771 4.107163 1.000000  
-0.390684 -0.015623 -0.920392 0.000000  
-0.894235 -0.230807 0.383499 0.000000  
-0.218424 0.972874 0.076202 0.000000  
-14.314268 39.808990 6.268670 1.000000  
-0.525447 -0.078280 -0.847217 0.000000  
-0.778802 -0.356704 0.515974 0.000000  
-0.342596 0.930932 0.126465 0.000000  
-13.779921 40.053371 5.982928 1.000000  
-0.398131 -0.167872 -0.901837 0.000000  
-0.910404 0.192877 0.366010 0.000000  
0.112501 0.966756 -0.229621 0.000000  
-5.950361 45.910881 -2.510769 1.000000  
-0.448659 -0.056491 -0.891916 0.000000  
-0.893701 0.030405 0.447632 0.000000  
0.001832 0.997940 -0.064127 0.000000  
-7.786419 43.597633 2.147440 1.000000  
-0.508655 0.045607 -0.859761 0.000000  
-0.855350 -0.140684 0.498582 0.000000  
-0.098216 0.989003 0.110570 0.000000  
-9.230299 40.336174 6.785213 1.000000  
0.251690 -0.943960 0.213522 0.000000  
-0.524890 0.052218 0.849567 0.000000  
-0.813107 -0.325903 -0.482332 0.000000  
-9.051163 12.850794 -14.640013 1.000000  
-0.641887 0.245882 -0.726308 0.000000  
-0.752889 -0.381689 0.536163 0.000000  
-0.145391 0.890986 0.430123 0.000000  
-6.279635 32.229530 11.235170 1.000000  
-0.678032 0.563008 -0.472541 0.000000  
-0.727026 -0.419062 0.543894 0.000000  
0.108193 0.712326 0.693459 0.000000  
1.718009 20.436506 13.389563 1.000000  
0.188783 -0.839472 -0.509555 0.000000  
0.601070 -0.311556 0.735967 0.000000  
-0.776579 -0.445216 0.445765 0.000000  
-11.643854 11.598681 -19.843203 1.000000  
0.188783 -0.839472 -0.509555 0.000000  
0.601070 -0.311556 0.735967 0.000000  
-0.776579 -0.445216 0.445765 0.000000  
-11.101878 9.188652 -21.306076 1.000000  
-0.622357 0.217590 -0.751882 0.000000  
-0.771149 -0.335098 0.541330 0.000000  
-0.134166 0.916713 0.376345 0.000000  
-6.399556 33.349831 10.297330 1.000000  
-0.647698 0.417781 -0.637139 0.000000  
-0.761400 -0.324712 0.561099 0.000000  
0.027530 0.848540 0.528414 0.000000  
-1.289601 27.214205 12.191820 1.000000  
-0.635008 0.597043 -0.490209 0.000000  
-0.748649 -0.319134 0.581101 0.000000  
0.190499 0.735998 0.649628 0.000000  
3.510135 20.152027 13.021395 1.000000  
0.283570 -0.907610 -0.309569 0.000000  
0.644669 -0.058559 0.762215 0.000000  
-0.709922 -0.415711 0.568503 0.000000  
-13.282022 7.169354 -18.546267 1.000000  
-0.573040 0.033129 -0.818858 0.000000  
-0.769946 -0.364031 0.524084 0.000000  
-0.280728 0.930797 0.234112 0.000000  
-11.165987 37.624168 8.110518 1.000000  
-0.639766 0.237543 -0.730940 0.000000  
-0.753561 -0.380901 0.535779 0.000000  
-0.151145 0.893581 0.422691 0.000000  
-6.122881 32.152115 11.430929 1.000000  
-0.674564 0.427509 -0.601830 0.000000  
-0.738155 -0.401102 0.542442 0.000000  
-0.009497 0.810156 0.586138 0.000000  
-1.102507 25.627445 13.660413 1.000000  
0.366100 -0.894720 -0.255826 0.000000  
0.512733 -0.035474 0.857815 0.000000  
-0.776579 -0.445217 0.445766 0.000000  
-15.268363 6.698596 -16.742941 1.000000  
-0.614595 0.390851 -0.685207 0.000000  
-0.735955 0.028600 0.676427 0.000000  
0.283979 0.920009 0.270072 0.000000  
-6.556592 43.219116 -6.457180 1.000000  
-0.662833 0.031196 -0.748117 0.000000  
-0.727429 0.209999 0.653259 0.000000  
0.177483 0.977204 -0.116502 0.000000  
-5.575012 39.123497 -1.855755 1.000000  
-0.789813 0.036832 -0.612242 0.000000  
-0.583959 -0.350441 0.732246 0.000000  
-0.187584 0.935861 0.298291 0.000000  
-8.825357 39.081936 1.700291 1.000000  
-0.707400 0.100442 -0.699641 0.000000  
-0.660142 -0.447616 0.603203 0.000000  
-0.252583 0.888567 0.382949 0.000000  
-8.538976 39.292732 1.340545 1.000000  
-0.794565 0.175385 -0.581298 0.000000  
-0.574773 0.091328 0.813201 0.000000  
0.195712 0.980255 0.028241 0.000000  
1.186076 46.162975 -3.756382 1.000000  
-0.767223 0.069824 -0.637569 0.000000  
-0.641333 -0.071401 0.763933 0.000000  
0.007818 0.995001 0.099561 0.000000  
-3.634203 43.527897 -3.263962 1.000000  
-0.716617 -0.024841 -0.697025 0.000000  
-0.672654 -0.239576 0.700100 0.000000  
-0.184381 0.970560 0.154975 0.000000  
-8.292638 39.988316 -3.228730 1.000000  
-0.097939 -0.921728 -0.375270 0.000000  
-0.948726 -0.027404 0.314911 0.000000  
0.300546 -0.386870 0.871783 0.000000  
14.083924 13.382840 -0.787786 1.000000  
-0.545390 -0.206670 -0.812304 0.000000  
-0.672455 -0.470634 0.571234 0.000000  
-0.500355 0.857783 0.117702 0.000000  
-11.495724 32.061501 -7.825686 1.000000  
-0.273028 -0.510120 -0.815619 0.000000  
-0.671989 -0.505561 0.541146 0.000000  
-0.688394 0.695835 -0.204762 0.000000  
-11.109402 21.033991 -17.095217 1.000000  
0.051314 -0.722580 -0.689381 0.000000  
-0.656626 -0.544518 0.521865 0.000000  
-0.752469 0.425886 -0.502406 0.000000  
-6.592453 8.337644 -23.850502 1.000000  
0.584652 -0.799674 -0.136759 0.000000  
-0.560509 -0.276281 -0.780704 0.000000  
-0.586525 -0.533095 0.609753 0.000000  
20.294594 9.764428 2.435230 1.000000  
-0.576273 -0.181278 -0.796899 0.000000  
-0.684221 -0.426232 0.591750 0.000000  
-0.446935 0.886264 0.121592 0.000000  
-10.673370 33.195667 -7.393960 1.000000  
-0.447937 -0.374113 -0.812030 0.000000  
-0.701774 -0.415618 0.578598 0.000000  
-0.553955 0.829036 -0.076372 0.000000  
-11.006962 27.524422 -13.316155 1.000000  
-0.298178 -0.548739 -0.781010 0.000000  
-0.718600 -0.409504 0.562069 0.000000  
-0.628255 0.728830 -0.272219 0.000000  
-10.325613 20.937098 -18.769880 1.000000  
0.415741 -0.864959 -0.281080 0.000000  
-0.589962 -0.021270 -0.807151 0.000000  
-0.692173 -0.501392 0.519136 0.000000  
17.224384 7.451967 3.728859 1.000000  
-0.662809 -0.004815 -0.748773 0.000000  
-0.665592 -0.454318 0.592100 0.000000  
-0.343032 0.890827 0.297922 0.000000  
-9.874578 37.058537 -1.897487 1.000000  
-0.550836 -0.198737 -0.810607 0.000000  
-0.672279 -0.469902 0.572043 0.000000  
-0.494592 0.860056 0.125233 0.000000  
-11.645827 31.993132 -8.029842 1.000000  
-0.406934 -0.380002 -0.830664 0.000000  
-0.674115 -0.488727 0.553819 0.000000  
-0.616421 0.785331 -0.057285 0.000000  
-12.304095 25.914989 -13.977034 1.000000  
0.381695 -0.845935 -0.372429 0.000000  
-0.714351 -0.014301 -0.699641 0.000000  
-0.586525 -0.533095 0.609753 0.000000  
15.042904 6.730700 5.191751 1.000000  
-0.993603 -0.041523 0.105020 0.000000  
0.098206 0.141447 0.985063 0.000000  
-0.055757 0.989074 -0.136464 0.000000  
-3.158013 39.709358 1.436206 1.000000  
-0.055757 0.989074 -0.136464 0.000000  
-0.098205 -0.141447 -0.985063 0.000000  
-0.993603 -0.041523 0.105019 0.000000  
-5.240261 76.979912 -3.528131 1.000000  
-0.981898 0.178880 0.062275 0.000000  
0.050688 -0.068635 0.996354 0.000000  
0.182502 0.981474 0.058325 0.000000  
0.318020 38.222256 -5.526221 1.000000  
-0.981969 0.179013 0.060758 0.000000  
0.042285 -0.105264 0.993545 0.000000  
0.184253 0.978199 0.095796 0.000000  
0.355782 38.126617 -4.633446 1.000000  
-0.973825 0.217944 0.064548 0.000000  
0.044676 -0.094911 0.994483 0.000000  
0.222868 0.971335 0.082690 0.000000  
1.506734 37.629955 -5.071501 1.000000  
-0.044677 0.094911 -0.994483 0.000000  
0.222868 0.971335 0.082690 0.000000  
0.973825 -0.217944 -0.064549 0.000000  
-15.101321 2.190647 -24.879690 1.000000  
-0.044677 0.094911 -0.994483 0.000000  
0.222868 0.971335 0.082690 0.000000  
-0.973825 0.217944 0.064549 0.000000  
-15.114599 2.218857 -25.175272 1.000000  
-0.369761 -0.130911 -0.919858 0.000000  
-0.926550 -0.021733 0.375543 0.000000  
-0.069154 0.991156 -0.113260 0.000000  
-2.918017 38.401154 -4.918752 1.000000  
-0.371438 -0.130991 -0.919171 0.000000  
-0.921848 -0.065889 0.381909 0.000000  
-0.110590 0.989192 -0.096280 0.000000  
-3.904512 38.333191 -4.510535 1.000000  
-0.366865 -0.168910 -0.914811 0.000000  
-0.913025 -0.123119 0.388881 0.000000  
-0.178316 0.977912 -0.109051 0.000000  
-5.995831 37.721210 -4.881065 1.000000  
0.913024 0.123118 -0.388882 0.000000  
-0.178316 0.977912 -0.109051 0.000000  
0.366866 0.168910 0.914811 0.000000  
19.317291 2.150485 -0.625889 1.000000  
0.913024 0.123118 -0.388882 0.000000  
-0.178316 0.977912 -0.109051 0.000000  
0.366866 0.168910 0.914811 0.000000  
19.588661 2.187078 -0.741472 1.000000  
1.000000 0.000000 0.000000 0.000000  
0.000000 1.000000 0.000000 0.000000  
0.000000 0.000000 1.000000 0.000000  
0.000000 0.000000 0.000000 1.000000  
1.000000 0.000000 0.000000 0.000000  
0.000000 0.000000 -1.000000 0.000000  
0.000000 1.000000 0.000000 0.000000  
0.000000 39.289753 -5.946892 1.000000  
0.677049 0.122151 -0.725730 0.000000  
-0.731206 -0.000000 -0.682157 0.000000  
-0.083326 0.992512 0.089317 0.000000  
-4.312046 23.097321 -1.427912 1.000000  
1.000000 0.000003 0.000001 0.000000  
0.000001 -0.000002 -1.000000 0.000000  
-0.000003 1.000000 -0.000002 0.000000  
-4.312048 -1.510429 -1.427909 1.000000  
-0.732749 0.020203 -0.680199 0.000000  
-0.677050 -0.122151 0.725729 0.000000  
-0.068425 0.992306 0.103184 0.000000  
-5.317788 39.443455 0.141026 1.000000  
-0.821949 -0.001082 -0.569560 0.000000  
-0.569473 -0.016018 0.821854 0.000000  
-0.010012 0.999871 0.012550 0.000000  
-4.542948 39.532326 -1.192104 1.000000  
-0.855210 0.011932 -0.518145 0.000000  
-0.517689 0.028161 0.855105 0.000000  
0.024795 0.999532 -0.017907 0.000000  
-4.538222 39.524120 -1.206652 1.000000  
-0.082733 0.992613 0.088741 0.000000  
0.677125 0.121325 -0.725798 0.000000  
-0.731203 0.000041 -0.682160 0.000000  
-4.162178 58.746552 -1.385124 1.000000  
-0.799698 -0.374256 -0.469484 0.000000  
-0.515584 0.027375 0.856402 0.000000  
-0.307662 0.926921 -0.214852 0.000000  
-0.159978 43.178093 1.294216 1.000000  
-0.546739 0.011474 -0.837224 0.000000  
-0.793466 0.312194 0.522442 0.000000  
0.267371 0.949949 -0.161584 0.000000  
-10.127018 39.282349 4.012485 1.000000  
-0.388836 -0.015162 -0.921182 0.000000  
-0.895690 -0.227923 0.381827 0.000000  
-0.215747 0.973561 0.075044 0.000000  
-14.263037 39.793144 6.146245 1.000000  
-0.525386 -0.078239 -0.847259 0.000000  
-0.779475 -0.354998 0.516135 0.000000  
-0.341157 0.931587 0.125526 0.000000  
-13.715189 40.043312 5.852826 1.000000  
-0.398199 -0.168082 -0.901768 0.000000  
-0.910179 0.194649 0.365632 0.000000  
0.114073 0.966364 -0.230493 0.000000  
-5.874573 45.880608 -2.644590 1.000000  
-0.448554 -0.056612 -0.891961 0.000000  
-0.893749 0.032227 0.447408 0.000000  
0.003417 0.997876 -0.065052 0.000000  
-7.715282 43.574570 2.015366 1.000000  
-0.508396 0.045610 -0.859914 0.000000  
-0.855678 -0.138875 0.498526 0.000000  
-0.096683 0.989259 0.109631 0.000000  
-9.165298 40.319695 6.655848 1.000000  
0.250157 -0.944156 0.214453 0.000000  
-0.524991 0.053833 0.849404 0.000000  
-0.813514 -0.325070 -0.482207 0.000000  
-9.024782 12.814192 -14.743834 1.000000  
-0.641342 0.246217 -0.726676 0.000000  
-0.753606 -0.380006 0.536353 0.000000  
-0.144081 0.891612 0.429264 0.000000  
-6.228369 32.212555 11.113966 1.000000  
-0.677042 0.563636 -0.473211 0.000000  
-0.727803 -0.417412 0.544123 0.000000  
0.109164 0.712799 0.692821 0.000000  
1.750236 20.408957 13.281048 1.000000  
0.187572 -0.840241 -0.508734 0.000000  
0.600419 -0.311819 0.736387 0.000000  
-0.777376 -0.443580 0.446009 0.000000  
-11.618311 11.561334 -19.946424 1.000000  
0.187572 -0.840241 -0.508734 0.000000  
0.600419 -0.311819 0.736387 0.000000  
-0.777376 -0.443580 0.446009 0.000000  
-11.079813 9.149097 -21.406942 1.000000  
-0.621850 0.217872 -0.752220 0.000000  
-0.771794 -0.333381 0.541472 0.000000  
-0.132804 0.917272 0.375465 0.000000  
-6.346322 33.332169 10.175058 1.000000  
-0.646901 0.418208 -0.637668 0.000000  
-0.762032 -0.322992 0.561234 0.000000  
0.028751 0.848986 0.527632 0.000000  
-1.246444 27.190266 12.076361 1.000000  
-0.633960 0.597586 -0.490902 0.000000  
-0.749277 -0.317416 0.581233 0.000000  
0.191517 0.736300 0.648987 0.000000  
3.541990 20.121313 12.913536 1.000000  
0.282208 -0.908342 -0.308665 0.000000  
0.644411 -0.058867 0.762410 0.000000  
-0.710699 -0.414065 0.568733 0.000000  
-13.263733 7.135795 -18.645739 1.000000  
-0.572809 0.033271 -0.819013 0.000000  
-0.770632 -0.362333 0.524253 0.000000  
-0.279313 0.931455 0.233187 0.000000  
-11.105543 37.611973 7.983240 1.000000  
-0.639232 0.237872 -0.731300 0.000000  
-0.754276 -0.379217 0.535968 0.000000  
-0.149830 0.894210 0.421829 0.000000  
-6.071779 32.135071 11.309830 1.000000  
-0.673759 0.428012 -0.602374 0.000000  
-0.738904 -0.399436 0.542653 0.000000  
-0.008348 0.810713 0.585384 0.000000  
-1.062168 25.604578 13.546461 1.000000  
0.364747 -0.895532 -0.254915 0.000000  
0.512490 -0.035485 0.857959 0.000000  
-0.777376 -0.443580 0.446009 0.000000  
-15.251204 6.669837 -16.842411 1.000000  
-0.608874 0.388521 -0.691609 0.000000  
-0.741902 0.029726 0.669849 0.000000  
0.280809 0.920960 0.270145 0.000000  
-6.504138 43.197983 -6.462418 1.000000  
-0.664585 0.034814 -0.746401 0.000000  
-0.725467 0.209170 0.655702 0.000000  
0.178952 0.977260 -0.113755 0.000000  
-5.654574 39.169235 -1.823920 1.000000  
-0.790687 0.040460 -0.610882 0.000000  
-0.584012 -0.349241 0.732776 0.000000  
-0.183697 0.936159 0.299770 0.000000  
-8.882784 39.128628 1.722203 1.000000  
-0.707414 0.104456 -0.699039 0.000000  
-0.661478 -0.446299 0.602715 0.000000  
-0.249023 0.888767 0.384813 0.000000  
-8.587622 39.345413 1.352959 1.000000  
-0.794229 0.179497 -0.580501 0.000000  
-0.573964 0.091913 0.813706 0.000000  
0.199413 0.979456 0.030025 0.000000  
1.160301 46.188919 -3.736252 1.000000  
-0.767317 0.073943 -0.636992 0.000000  
-0.641164 -0.070470 0.764162 0.000000  
0.011616 0.994770 0.101482 0.000000  
-3.669572 43.571030 -3.246163 1.000000  
-0.717101 -0.020796 -0.696659 0.000000  
-0.673153 -0.238402 0.700022 0.000000  
-0.180642 0.970944 0.156959 0.000000  
-8.341262 40.048923 -3.215102 1.000000  
-0.101617 -0.920624 -0.376996 0.000000  
-0.948644 -0.024448 0.315402 0.000000  
0.299584 -0.389685 0.870860 0.000000  
13.936476 13.354836 -0.838513 1.000000  
-0.546624 -0.203044 -0.812389 0.000000  
-0.673896 -0.469208 0.570709 0.000000  
-0.497059 0.859428 0.119650 0.000000  
-11.576743 32.143127 -7.825547 1.000000  
-0.275408 -0.507509 -0.816447 0.000000  
-0.673578 -0.504079 0.540553 0.000000  
-0.685889 0.698813 -0.203020 0.000000  
-11.237154 21.132223 -17.116621 1.000000  
0.048206 -0.721431 -0.690807 0.000000  
-0.658373 -0.543056 0.521187 0.000000  
-0.751147 0.429685 -0.501149 0.000000  
-6.771811 8.432096 -23.899057 1.000000  
0.581563 -0.801600 -0.138642 0.000000  
-0.561987 -0.272659 -0.780915 0.000000  
-0.588179 -0.532067 0.609057 0.000000  
20.135324 9.706865 2.373924 1.000000  
-0.577403 -0.177567 -0.796917 0.000000  
-0.685483 -0.424803 0.591317 0.000000  
-0.443530 0.887701 0.123563 0.000000  
-10.749884 33.273354 -7.392101 1.000000  
-0.449802 -0.370853 -0.812495 0.000000  
-0.703003 -0.414097 0.578196 0.000000  
-0.550877 0.831259 -0.074449 0.000000  
-11.108162 27.614887 -13.325068 1.000000  
-0.300682 -0.546100 -0.781899 0.000000  
-0.719816 -0.407888 0.561688 0.000000  
-0.625664 0.731712 -0.270447 0.000000  
-10.454690 21.035624 -18.791920 1.000000  
0.412326 -0.865969 -0.282992 0.000000  
-0.590496 -0.017488 -0.806851 0.000000  
-0.693759 -0.499792 0.518563 0.000000  
17.057175 7.403459 3.664839 1.000000  
-0.663248 -0.000872 -0.748400 0.000000  
-0.666960 -0.452959 0.591602 0.000000  
-0.339510 0.891531 0.299842 0.000000  
-9.933454 37.122536 -1.888622 1.000000  
-0.552040 -0.195094 -0.810673 0.000000  
-0.673716 -0.468479 0.571519 0.000000  
-0.491283 0.861665 0.127181 0.000000  
-11.727215 32.075718 -8.029750 1.000000  
-0.408832 -0.376860 -0.831164 0.000000  
-0.675633 -0.487261 0.553260 0.000000  
-0.613495 0.787752 -0.055411 0.000000  
-12.411715 26.011627 -13.988314 1.000000  
0.378300 -0.846641 -0.374285 0.000000  
-0.714797 -0.010260 -0.699257 0.000000  
-0.588179 -0.532067 0.609057 0.000000  
14.873829 6.687566 5.127586 1.000000  
-0.994758 -0.041900 0.093282 0.000000  
0.086515 0.141489 0.986152 0.000000  
-0.054518 0.989053 -0.137122 0.000000  
-3.171260 39.711124 1.412186 1.000000  
-0.054518 0.989053 -0.137122 0.000000  
-0.086514 -0.141489 -0.986152 0.000000  
-0.994758 -0.041900 0.093281 0.000000  
-5.208920 76.980858 -3.576736 1.000000  
-0.981831 0.178236 0.065113 0.000000  
0.053451 -0.069469 0.996151 0.000000  
0.182073 0.981533 0.058680 0.000000  
0.310266 38.218826 -5.534252 1.000000  
-0.981907 0.178371 0.063586 0.000000  
0.045009 -0.106334 0.993312 0.000000  
0.183939 0.978201 0.096381 0.000000  
0.350758 38.121712 -4.635979 1.000000  
-0.974112 0.215822 0.067287 0.000000  
0.047447 -0.095834 0.994266 0.000000  
0.221033 0.971718 0.083113 0.000000  
1.456553 37.647579 -5.078477 1.000000  
-0.047448 0.095834 -0.994266 0.000000  
0.221033 0.971718 0.083113 0.000000  
0.974112 -0.215822 -0.067289 0.000000  
-15.127914 2.193588 -24.880154 1.000000  
-0.047448 0.095834 -0.994266 0.000000  
0.221033 0.971718 0.083113 0.000000  
-0.974112 0.215822 0.067289 0.000000  
-15.142016 2.222072 -25.175673 1.000000  
-0.367003 -0.129604 -0.921147 0.000000  
-0.927856 -0.019542 0.372426 0.000000  
-0.066269 0.991373 -0.113082 0.000000  
-2.835985 38.425926 -4.937314 1.000000  
-0.368869 -0.129693 -0.920389 0.000000  
-0.922666 -0.068603 0.379448 0.000000  
-0.112353 0.989178 -0.094358 0.000000  
-3.933131 38.350113 -4.487176 1.000000  
-0.364442 -0.165427 -0.916415 0.000000  
-0.913958 -0.125099 0.386047 0.000000  
-0.178505 0.978256 -0.105602 0.000000  
-5.976171 37.764832 -4.812537 1.000000  
0.913957 0.125099 -0.386048 0.000000  
-0.178505 0.978256 -0.105602 0.000000  
0.364443 0.165427 0.916415 0.000000  
19.343031 2.189276 -0.634594 1.000000  
0.913957 0.125099 -0.386048 0.000000  
-0.178505 0.978256 -0.105602 0.000000  
0.364443 0.165427 0.916415 0.000000  
19.614677 2.226458 -0.749335 1.000000  
1.000000 0.000000 0.000000 0.000000  
0.000000 1.000000 0.000000 0.000000  
0.000000 0.000000 1.000000 0.000000  
0.000000 0.000000 0.000000 1.000000  
1.000000 0.000000 0.000000 0.000000  
0.000000 0.000000 -1.000000 0.000000  
0.000000 1.000000 0.000000 0.000000  
0.000000 39.289753 -5.946892 1.000000  
0.675460 0.123119 -0.727046 0.000000  
-0.732620 -0.000000 -0.680638 0.000000  
-0.083799 0.992392 0.090199 0.000000  
-4.303580 23.099491 -1.432396 1.000000  
1.000000 0.000003 0.000001 0.000000  
0.000001 -0.000002 -1.000000 0.000000  
-0.000003 1.000000 -0.000002 0.000000  
-4.303583 -1.510431 -1.432393 1.000000  
-0.734055 0.018519 -0.678837 0.000000  
-0.675461 -0.123119 0.727045 0.000000  
-0.070114 0.992219 0.102885 0.000000  
-5.337379 39.444366 0.131384 1.000000  
-0.817378 -0.001129 -0.576101 0.000000  
-0.576018 -0.015468 0.817291 0.000000  
-0.009834 0.999880 0.011992 0.000000  
-4.531870 39.534248 -1.201666 1.000000  
-0.848817 0.010877 -0.528575 0.000000  
-0.528103 0.029525 0.848667 0.000000  
0.024837 0.999505 -0.019317 0.000000  
-4.526608 39.525887 -1.216423 1.000000  
-0.083218 0.992494 0.089618 0.000000  
0.675534 0.122297 -0.727116 0.000000  
-0.732617 0.000031 -0.680641 0.000000  
-4.151760 58.748055 -1.423256 1.000000  
-0.803678 -0.374686 -0.462291 0.000000  
-0.508364 0.028504 0.860671 0.000000  
-0.309304 0.926714 -0.213385 0.000000  
-0.057338 43.178238 1.121944 1.000000  
-0.543849 0.011940 -0.839098 0.000000  
-0.795586 0.310757 0.520070 0.000000  
0.266965 0.950414 -0.159505 0.000000  
-10.102262 39.265743 3.916346 1.000000  
-0.386985 -0.014620 -0.921970 0.000000  
-0.897153 -0.224974 0.380136 0.000000  
-0.212977 0.974255 0.073945 0.000000  
-14.211078 39.776039 6.022136 1.000000  
-0.525349 -0.078114 -0.847294 0.000000  
-0.780159 -0.353263 0.516292 0.000000  
-0.339647 0.932257 0.124645 0.000000  
-13.649601 40.031998 5.720961 1.000000  
-0.398299 -0.168214 -0.901700 0.000000  
-0.909928 0.196467 0.365283 0.000000  
0.115709 0.965974 -0.231315 0.000000  
-5.797723 45.848949 -2.780015 1.000000  
-0.448473 -0.056653 -0.891999 0.000000  
-0.893782 0.034090 0.447205 0.000000  
0.005073 0.997812 -0.065924 0.000000  
-7.643136 43.550022 1.881595 1.000000  
-0.508153 0.045695 -0.860054 0.000000  
-0.856004 -0.137030 0.498479 0.000000  
-0.095075 0.989512 0.108748 0.000000  
-9.099415 40.301594 6.524634 1.000000  
0.248561 -0.944379 0.215327 0.000000  
-0.525068 0.055439 0.849254 0.000000  
-0.813955 -0.324152 -0.482082 0.000000  
-9.000024 12.777188 -14.850987 1.000000  
-0.640794 0.246638 -0.727017 0.000000  
-0.754335 -0.378296 0.536537 0.000000  
-0.142697 0.892224 0.428457 0.000000  
-6.176710 32.193523 10.990410 1.000000  
-0.676021 0.564336 -0.473836 0.000000  
-0.728596 -0.415737 0.544345 0.000000  
0.110202 0.713224 0.692220 0.000000  
1.782029 20.378698 13.169373 1.000000  
0.186287 -0.840994 -0.507964 0.000000  
0.599762 -0.312164 0.736777 0.000000  
-0.778193 -0.441909 0.446244 0.000000  
-11.594599 11.524053 -20.052994 1.000000  
0.186287 -0.840994 -0.507964 0.000000  
0.599762 -0.312164 0.736777 0.000000  
-0.778193 -0.441909 0.446244 0.000000  
-11.059789 9.109655 -21.511297 1.000000  
-0.621344 0.218238 -0.752532 0.000000  
-0.772447 -0.331637 0.541611 0.000000  
-0.131367 0.917818 0.374638 0.000000  
-6.292637 33.312508 10.050503 1.000000  
-0.646087 0.418716 -0.638161 0.000000  
-0.762673 -0.321247 0.561366 0.000000  
0.030046 0.849399 0.526896 0.000000  
-1.203248 27.163876 11.958168 1.000000  
-0.632880 0.598200 -0.491548 0.000000  
-0.749912 -0.315674 0.581363 0.000000  
0.192603 0.736551 0.648381 0.000000  
3.573377 20.087776 12.802456 1.000000  
0.280772 -0.909075 -0.307816 0.000000  
0.644165 -0.059261 0.762588 0.000000  
-0.711491 -0.412397 0.568955 0.000000  
-13.247561 7.102368 -18.748764 1.000000  
-0.572594 0.033498 -0.819154 0.000000  
-0.771330 -0.360605 0.524419 0.000000  
-0.277824 0.932117 0.232318 0.000000  
-11.044379 37.598232 7.854006 1.000000  
-0.638697 0.238285 -0.731633 0.000000  
-0.755005 -0.377506 0.536151 0.000000  
-0.148439 0.894824 0.421018 0.000000  
-6.020288 32.115955 11.186369 1.000000  
-0.672936 0.428594 -0.602880 0.000000  
-0.739667 -0.397745 0.542856 0.000000  
-0.007128 0.811238 0.584674 0.000000  
-1.021870 25.579176 13.429691 1.000000  
0.363321 -0.896354 -0.254061 0.000000  
0.512264 -0.035579 0.858091 0.000000  
-0.778193 -0.441909 0.446244 0.000000  
-15.236148 6.641258 -16.945419 1.000000  
-0.603189 0.385980 -0.697984 0.000000  
-0.747796 0.030712 0.663218 0.000000  
0.277425 0.921996 0.270109 0.000000  
-6.449008 43.174553 -6.464376 1.000000  
-0.666432 0.038246 -0.744584 0.000000  
-0.723462 0.208197 0.658222 0.000000  
0.180194 0.977339 -0.111079 0.000000  
-5.731832 39.213722 -1.788675 1.000000  
-0.791633 0.043883 -0.609418 0.000000  
-0.583894 -0.348103 0.733411 0.000000  
-0.179956 0.936429 0.301193 0.000000  
-8.937280 39.173576 1.747643 1.000000  
-0.707517 0.108273 -0.698353 0.000000  
-0.662650 -0.445060 0.602343 0.000000  
-0.245591 0.888931 0.386635 0.000000  
-8.633342 39.396389 1.368735 1.000000  
-0.793983 0.183403 -0.579616 0.000000  
-0.573075 0.092443 0.814273 0.000000  
0.202921 0.978682 0.031705 0.000000  
1.135398 46.214581 -3.714511 1.000000  
-0.767485 0.077859 -0.636321 0.000000  
-0.640886 -0.069607 0.764474 0.000000  
0.015229 0.994531 0.103320 0.000000  
-3.703429 43.612999 -3.225936 1.000000  
-0.717648 -0.016947 -0.696200 0.000000  
-0.673517 -0.237304 0.700044 0.000000  
-0.177075 0.971287 0.158886 0.000000  
-8.387611 40.107502 -3.198182 1.000000  
-0.105154 -0.919553 -0.378634 0.000000  
-0.948508 -0.021656 0.316014 0.000000  
0.298791 -0.392368 0.869927 0.000000  
13.796516 13.329896 -0.886589 1.000000  
-0.547901 -0.199586 -0.812385 0.000000  
-0.675171 -0.467866 0.570303 0.000000  
-0.493912 0.860969 0.121589 0.000000  
-11.654390 32.221863 -7.821050 1.000000  
-0.277774 -0.505006 -0.817197 0.000000  
-0.674998 -0.502681 0.540083 0.000000  
-0.683534 0.701627 -0.201247 0.000000  
-11.360394 21.227112 -17.132778 1.000000  
0.045162 -0.720312 -0.692178 0.000000  
-0.659945 -0.541676 0.520634 0.000000  
-0.749955 0.433287 -0.499829 0.000000  
-6.944975 8.523802 -23.941874 1.000000  
0.578609 -0.803406 -0.140533 0.000000  
-0.563490 -0.269204 -0.781030 0.000000  
-0.589652 -0.531100 0.608476 0.000000  
19.984529 9.653911 2.314774 1.000000  
-0.578578 -0.174028 -0.796845 0.000000  
-0.686586 -0.423458 0.591002 0.000000  
-0.440281 0.889043 0.125518 0.000000  
-10.823217 33.348328 -7.386077 1.000000  
-0.451677 -0.367737 -0.812869 0.000000  
-0.704077 -0.412666 0.577913 0.000000  
-0.547963 0.833352 -0.072524 0.000000  
-11.205719 27.702215 -13.329285 1.000000  
-0.303162 -0.543571 -0.782702 0.000000  
-0.720878 -0.406365 0.561428 0.000000  
-0.623239 0.734437 -0.268654 0.000000  
-10.579431 21.130842 -18.808790 1.000000  
0.409045 -0.866904 -0.284885 0.000000  
-0.591108 -0.013886 -0.806473 0.000000  
-0.695179 -0.498281 0.518114 0.000000  
16.899084 7.359084 3.603541 1.000000  
-0.663760 0.002881 -0.747940 0.000000  
-0.668163 -0.451680 0.591222 0.000000  
-0.336127 0.892175 0.301732 0.000000  
-9.989305 37.184345 -1.876034 1.000000  
-0.553287 -0.191619 -0.810651 0.000000  
-0.674988 -0.467139 0.571115 0.000000  
-0.488123 0.863171 0.129121 0.000000  
-11.805245 32.155369 -8.025271 1.000000  
-0.410742 -0.373856 -0.831579 0.000000  
-0.676985 -0.485880 0.552822 0.000000  
-0.610723 0.790033 -0.053523 0.000000  
-12.515424 26.104841 -13.994603 1.000000  
0.375025 -0.847285 -0.376118 0.000000  
-0.715308 -0.006415 -0.698779 0.000000  
-0.589652 -0.531100 0.608476 0.000000  
14.714206 6.648251 5.066470 1.000000  
-0.995781 -0.042376 0.081396 0.000000  
0.074662 0.141569 0.987109 0.000000  
-0.053353 0.989021 -0.137808 0.000000  
-3.183599 39.713097 1.389387 1.000000  
-0.053353 0.989021 -0.137808 0.000000  
-0.074660 -0.141569 -0.987109 0.000000  
-0.995781 -0.042376 0.081394 0.000000  
-5.179477 76.981644 -3.625181 1.000000  
-0.981755 0.177578 0.067997 0.000000  
0.056260 -0.070317 0.995937 0.000000  
0.181637 0.981592 0.059043 0.000000  
0.301956 38.215374 -5.542743 1.000000  
-0.981835 0.177715 0.066460 0.000000  
0.047775 -0.107431 0.993064 0.000000  
0.183622 0.978201 0.096989 0.000000  
0.345263 38.116730 -4.638673 1.000000  
-0.974394 0.213652 0.070069 0.000000  
0.050262 -0.096779 0.994036 0.000000  
0.219159 0.972104 0.083562 0.000000  
1.404795 37.665524 -5.085474 1.000000  
-0.050263 0.096779 -0.994036 0.000000  
0.219159 0.972104 0.083562 0.000000  
0.974393 -0.213652 -0.070071 0.000000  
-15.155254 2.196759 -24.881138 1.000000  
-0.050263 0.096779 -0.994036 0.000000  
0.219159 0.972105 0.083562 0.000000  
-0.974393 0.213652 0.070071 0.000000  
-15.170194 2.225524 -25.176588 1.000000  
-0.364184 -0.128264 -0.922452 0.000000  
-0.929170 -0.017329 0.369246 0.000000  
-0.063346 0.991589 -0.112868 0.000000  
-2.752033 38.451111 -4.955195 1.000000  
-0.366242 -0.128363 -0.921624 0.000000  
-0.923488 -0.071390 0.376926 0.000000  
-0.114178 0.989155 -0.092395 0.000000  
-3.962261 38.367199 -4.463004 1.000000  
-0.361964 -0.161872 -0.918030 0.000000  
-0.914896 -0.127137 0.383146 0.000000  
-0.178736 0.978588 -0.102077 0.000000  
-5.956396 37.808834 -4.742051 1.000000  
0.914896 0.127137 -0.383147 0.000000  
-0.178736 0.978588 -0.102077 0.000000  
0.361965 0.161872 0.918030 0.000000  
19.370264 2.229398 -0.643160 1.000000  
0.914896 0.127137 -0.383147 0.000000  
-0.178736 0.978588 -0.102077 0.000000  
0.361965 0.161872 0.918030 0.000000  
19.642191 2.267186 -0.757040 1.000000  
1.000000 0.000000 0.000000 0.000000  
0.000000 1.000000 0.000000 0.000000  
0.000000 0.000000 1.000000 0.000000  
0.000000 0.000000 0.000000 1.000000  
1.000000 0.000000 0.000000 0.000000  
0.000000 0.000000 -1.000000 0.000000  
0.000000 1.000000 0.000000 0.000000  
0.000000 39.289753 -5.946892 1.000000  
0.674121 0.123972 -0.728142 0.000000  
-0.733803 0.000000 -0.679362 0.000000  
-0.084222 0.992286 0.090971 0.000000  
-4.296413 23.101206 -1.436227 1.000000  
1.000000 0.000001 0.000000 0.000000  
0.000000 -0.000001 -1.000000 0.000000  
-0.000001 1.000000 -0.000001 0.000000  
-4.296414 -1.510444 -1.436226 1.000000  
-0.735141 0.017045 -0.677700 0.000000  
-0.674123 -0.123972 0.728141 0.000000  
-0.071604 0.992139 0.102627 0.000000  
-5.354971 39.444923 0.123123 1.000000  
-0.813127 -0.001164 -0.582085 0.000000  
-0.582009 -0.014675 0.813050 0.000000  
-0.009488 0.999892 0.011256 0.000000  
-4.519709 39.535755 -1.213428 1.000000  
-0.842860 0.009958 -0.538040 0.000000  
-0.537544 0.031159 0.842660 0.000000  
0.025156 0.999465 -0.020910 0.000000  
-4.513915 39.527222 -1.228411 1.000000  
-0.083676 0.992385 0.090389 0.000000  
0.674192 0.123174 -0.728213 0.000000  
-0.733801 0.000005 -0.679365 0.000000  
-4.134741 58.748936 -1.467015 1.000000  
-0.807647 -0.374917 -0.455132 0.000000  
-0.501227 0.029920 0.864798 0.000000  
-0.310610 0.926576 -0.212083 0.000000  
0.042227 43.176346 0.953651 1.000000  
-0.541354 0.012355 -0.840704 0.000000  
-0.797377 0.309616 0.518004 0.000000  
0.266695 0.950782 -0.157760 0.000000  
-10.074257 39.251625 3.823596 1.000000  
-0.385357 -0.014152 -0.922659 0.000000  
-0.898415 -0.222440 0.378644 0.000000  
-0.210594 0.974844 0.073005 0.000000  
-14.160347 39.761768 5.905746 1.000000  
-0.525355 -0.078022 -0.847299 0.000000  
-0.780711 -0.351792 0.516462 0.000000  
-0.338368 0.932822 0.123903 0.000000  
-13.585990 40.022942 5.597513 1.000000  
-0.398424 -0.168339 -0.901621 0.000000  
-0.909699 0.198005 0.365025 0.000000  
0.117078 0.965638 -0.232027 0.000000  
-5.725015 45.822598 -2.906875 1.000000  
-0.448444 -0.056701 -0.892011 0.000000  
-0.893788 0.035667 0.447070 0.000000  
0.006466 0.997754 -0.066673 0.000000  
-7.574180 43.529739 1.756239 1.000000  
-0.507985 0.045754 -0.860150 0.000000  
-0.856253 -0.135467 0.498478 0.000000  
-0.093714 0.989725 0.107993 0.000000  
-9.035526 40.286823 6.401540 1.000000  
0.247223 -0.944561 0.216066 0.000000  
-0.525093 0.056807 0.849148 0.000000  
-0.814346 -0.323384 -0.481938 0.000000  
-8.971776 12.746251 -14.953380 1.000000  
-0.640363 0.246981 -0.727280 0.000000  
-0.754925 -0.376845 0.536729 0.000000  
-0.141509 0.892743 0.427769 0.000000  
-6.124622 32.178070 10.873762 1.000000  
-0.675180 0.564918 -0.474342 0.000000  
-0.729238 -0.414316 0.544569 0.000000  
0.111109 0.713590 0.691697 0.000000  
1.817442 20.353842 13.062574 1.000000  
0.185181 -0.841633 -0.507309 0.000000  
0.599239 -0.312442 0.737084 0.000000  
-0.778859 -0.440493 0.446481 0.000000  
-11.567461 11.492809 -20.154758 1.000000  
0.185181 -0.841633 -0.507309 0.000000  
0.599239 -0.312442 0.737084 0.000000  
-0.778859 -0.440493 0.446481 0.000000  
-11.035828 9.076576 -21.611183 1.000000  
-0.620950 0.218535 -0.752771 0.000000  
-0.772972 -0.330157 0.541767 0.000000  
-0.130138 0.918281 0.373932 0.000000  
-6.238884 33.296501 9.933001 1.000000  
-0.645428 0.419133 -0.638554 0.000000  
-0.763186 -0.319766 0.561515 0.000000  
0.031162 0.849752 0.526261 0.000000  
-1.158267 27.142246 11.845903 1.000000  
-0.631989 0.598709 -0.492075 0.000000  
-0.750420 -0.314195 0.581509 0.000000  
0.193547 0.736770 0.647851 0.000000  
3.608428 20.060158 12.696091 1.000000  
0.279547 -0.909695 -0.307098 0.000000  
0.643990 -0.059582 0.762711 0.000000  
-0.712132 -0.410981 0.569178 0.000000  
-13.226719 7.074406 -18.847410 1.000000  
-0.572448 0.033677 -0.819249 0.000000  
-0.771894 -0.359139 0.524595 0.000000  
-0.276558 0.932677 0.231584 0.000000  
-10.984404 37.587170 7.732706 1.000000  
-0.638278 0.238621 -0.731889 0.000000  
-0.755593 -0.376054 0.536343 0.000000  
-0.147247 0.895346 0.420327 0.000000  
-5.968332 32.100426 11.069799 1.000000  
-0.672268 0.429075 -0.603284 0.000000  
-0.740284 -0.396310 0.543065 0.000000  
-0.006072 0.811686 0.584063 0.000000  
-0.979265 25.558401 13.318642 1.000000  
0.362107 -0.897049 -0.253344 0.000000  
0.512111 -0.035645 0.858180 0.000000  
-0.778859 -0.440493 0.446481 0.000000  
-15.216162 6.617413 -17.043959 1.000000  
-0.597589 0.383557 -0.704111 0.000000  
-0.753378 0.031957 0.656811 0.000000  
0.274425 0.922964 0.269866 0.000000  
-6.391002 43.151352 -6.472640 1.000000  
-0.668035 0.041158 -0.742990 0.000000  
-0.721728 0.207312 0.660402 0.000000  
0.181212 0.977409 -0.108787 0.000000  
-5.794942 39.251862 -1.761611 1.000000  
-0.792441 0.046786 -0.608151 0.000000  
-0.583784 -0.347068 0.733990 0.000000  
-0.176729 0.936672 0.302344 0.000000  
-8.980287 39.212135 1.765703 1.000000  
-0.707540 0.111562 -0.697811 0.000000  
-0.663708 -0.443970 0.601982 0.000000  
-0.242649 0.889069 0.388171 0.000000  
-8.668082 39.440720 1.378059 1.000000  
-0.793713 0.186769 -0.578911 0.000000  
-0.572366 0.092917 0.814717 0.000000  
0.205955 0.978000 0.033151 0.000000  
1.119010 46.236816 -3.699466 1.000000  
-0.767570 0.081234 -0.635797 0.000000  
-0.640703 -0.068844 0.764697 0.000000  
0.018349 0.994315 0.104889 0.000000  
-3.727563 43.649395 -3.212495 1.000000  
-0.718057 -0.013630 -0.695851 0.000000  
-0.673884 -0.236337 0.700018 0.000000  
-0.173997 0.971575 0.160518 0.000000  
-8.422518 40.158310 -3.187851 1.000000  
-0.108185 -0.918623 -0.380037 0.000000  
-0.948407 -0.019233 0.316473 0.000000  
0.298029 -0.394667 0.869148 0.000000  
13.680118 13.308805 -0.930276 1.000000  
-0.548933 -0.196606 -0.812415 0.000000  
-0.676316 -0.466686 0.569913 0.000000  
-0.491192 0.862293 0.123212 0.000000  
-11.715992 32.290131 -7.821512 1.000000  
-0.279752 -0.502850 -0.817851 0.000000  
-0.676266 -0.501454 0.539637 0.000000  
-0.681471 0.704050 -0.199778 0.000000  
-11.460709 21.309317 -17.150810 1.000000  
0.042582 -0.719348 -0.693343 0.000000  
-0.661344 -0.540464 0.520118 0.000000  
-0.748873 0.436390 -0.498751 0.000000  
-7.088001 8.603272 -23.982336 1.000000  
0.576056 -0.804962 -0.142108 0.000000  
-0.564721 -0.266226 -0.781162 0.000000  
-0.590973 -0.530244 0.607940 0.000000  
19.858418 9.608685 2.262029 1.000000  
-0.579524 -0.170978 -0.796818 0.000000  
-0.687583 -0.422276 0.590688 0.000000  
-0.437472 0.890196 0.127157 0.000000  
-10.881119 33.413338 -7.385187 1.000000  
-0.453228 -0.365053 -0.813216 0.000000  
-0.705047 -0.411410 0.577625 0.000000  
-0.545428 0.835152 -0.070917 0.000000  
-11.284103 27.777866 -13.337139 1.000000  
-0.305241 -0.541391 -0.783405 0.000000  
-0.721838 -0.405031 0.561159 0.000000  
-0.621110 0.736780 -0.267165 0.000000  
-10.680912 21.213295 -18.827381 1.000000  
0.406222 -0.867708 -0.286472 0.000000  
-0.591564 -0.010784 -0.806185 0.000000  
-0.696445 -0.496957 0.517686 0.000000  
16.766577 7.321340 3.548764 1.000000  
-0.664134 0.006114 -0.747589 0.000000  
-0.669247 -0.450556 0.590854 0.000000  
-0.333218 0.892727 0.303321 0.000000  
-10.032536 37.238014 -1.869505 1.000000  
-0.554294 -0.188626 -0.810665 0.000000  
-0.676131 -0.465961 0.570726 0.000000  
-0.485392 0.864465 0.130744 0.000000  
-11.867152 32.224426 -8.025760 1.000000  
-0.412322 -0.371268 -0.831956 0.000000  
-0.678194 -0.484667 0.552404 0.000000  
-0.608312 0.791996 -0.051953 0.000000  
-12.599070 26.185596 -14.004307 1.000000  
0.372216 -0.847839 -0.377656 0.000000  
-0.715685 -0.003101 -0.698415 0.000000  
-0.590973 -0.530245 0.607940 0.000000  
14.580272 6.614925 5.011703 1.000000  
-0.996591 -0.042687 0.070598 0.000000  
0.063916 0.141570 0.987863 0.000000  
-0.052164 0.989007 -0.138359 0.000000  
-3.189984 39.714096 1.358051 1.000000  
-0.052164 0.989007 -0.138359 0.000000  
-0.063915 -0.141570 -0.987863 0.000000  
-0.996591 -0.042688 0.070597 0.000000  
-5.142993 76.982140 -3.677131 1.000000  
-0.981685 0.176999 0.070465 0.000000  
0.058664 -0.071049 0.995746 0.000000  
0.181252 0.981643 0.059364 0.000000  
0.294513 38.212200 -5.550287 1.000000  
-0.981770 0.177138 0.068924 0.000000  
0.050160 -0.108309 0.992851 0.000000  
0.183337 0.978208 0.097449 0.000000  
0.340183 38.112434 -4.642903 1.000000  
-0.974616 0.211832 0.072455 0.000000  
0.052682 -0.097548 0.993836 0.000000  
0.217594 0.972426 0.083912 0.000000  
1.361689 37.679943 -5.092612 1.000000  
-0.052683 0.097548 -0.993836 0.000000  
0.217594 0.972426 0.083912 0.000000  
0.974616 -0.211832 -0.072456 0.000000  
-15.179065 2.198474 -24.881649 1.000000  
-0.052683 0.097548 -0.993836 0.000000  
0.217594 0.972426 0.083912 0.000000  
-0.974616 0.211832 0.072456 0.000000  
-15.194723 2.227468 -25.177042 1.000000  
-0.361744 -0.127108 -0.923572 0.000000  
-0.930286 -0.015506 0.366507 0.000000  
-0.060907 0.991768 -0.112638 0.000000  
-2.681037 38.472725 -4.969270 1.000000  
-0.363964 -0.127215 -0.922684 0.000000  
-0.924191 -0.073799 0.374734 0.000000  
-0.115765 0.989126 -0.090710 0.000000  
-3.987138 38.381836 -4.442122 1.000000  
-0.359817 -0.158802 -0.919409 0.000000  
-0.915697 -0.128916 0.380631 0.000000  
-0.178971 0.978858 -0.099028 0.000000  
-5.939818 37.846474 -4.680640 1.000000  
0.915697 0.128916 -0.380632 0.000000  
-0.178971 0.978858 -0.099028 0.000000  
0.359818 0.158802 0.919409 0.000000  
19.394463 2.264650 -0.650135 1.000000  
0.915697 0.128916 -0.380632 0.000000  
-0.178971 0.978858 -0.099028 0.000000  
0.359818 0.158802 0.919409 0.000000  
19.666628 2.302967 -0.763268 1.000000  
1.000000 0.000000 0.000000 0.000000  
0.000000 1.000000 0.000000 0.000000  
0.000000 0.000000 1.000000 0.000000  
0.000000 0.000000 0.000000 1.000000  
1.000000 0.000000 0.000000 0.000000  
0.000000 0.000000 -1.000000 0.000000  
0.000000 1.000000 0.000000 0.000000  
0.000000 39.289753 -5.946892 1.000000  
0.673304 0.124560 -0.728798 0.000000  
-0.734518 0.000000 -0.678589 0.000000  
-0.084525 0.992212 0.091492 0.000000  
-4.291718 23.101992 -1.438816 1.000000  
1.000000 -0.000001 -0.000000 0.000000  
-0.000000 0.000001 -1.000000 0.000000  
0.000001 1.000000 0.000001 0.000000  
-4.291717 -1.510460 -1.438817 1.000000  
-0.735783 0.015967 -0.677029 0.000000  
-0.673305 -0.124560 0.728797 0.000000  
-0.072694 0.992084 0.102400 0.000000  
-5.368352 39.444893 0.116685 1.000000  
-0.809487 -0.001165 -0.587137 0.000000  
-0.587072 -0.013367 0.809424 0.000000  
-0.008791 0.999910 0.010137 0.000000  
-4.504932 39.536404 -1.230046 1.000000  
-0.837817 0.009316 -0.545872 0.000000  
-0.545331 0.033376 0.837556 0.000000  
0.026022 0.999400 -0.022883 0.000000  
-4.498613 39.527676 -1.245298 1.000000  
-0.083995 0.992310 0.090915 0.000000  
0.673372 0.123777 -0.728868 0.000000  
-0.734517 -0.000002 -0.678591 0.000000  
-4.104300 58.748562 -1.522815 1.000000  
-0.811728 -0.374730 -0.447967 0.000000  
-0.494195 0.031955 0.868764 0.000000  
-0.311237 0.926583 -0.211129 0.000000  
0.137557 43.170200 0.791367 1.000000  
-0.539593 0.012599 -0.841832 0.000000  
-0.798577 0.309048 0.516492 0.000000  
0.266674 0.950963 -0.156699 0.000000  
-10.039151 39.243088 3.736887 1.000000  
-0.384135 -0.013902 -0.923172 0.000000  
