1660  
71 
1.000000 0.000000 0.000000 0.000000  
0.000000 1.000000 0.000000 0.000000  
0.000000 0.000000 1.000000 0.000000  
0.000000 0.000000 0.000000 1.000000  
1.000000 0.000000 0.000000 0.000000  
0.000000 0.000000 -1.000000 0.000000  
0.000000 1.000000 0.000000 0.000000  
0.000000 0.000001 0.000000 1.000000  
0.000000 1.000000 0.000000 0.000000  
0.000000 -0.000000 1.000000 0.000000  
1.000000 0.000000 -0.000000 0.000000  
0.000001 0.000001 6.479099 1.000000  
0.881438 0.050164 0.469628 0.000000  
0.470930 -0.169023 -0.865827 0.000000  
0.035945 0.984335 -0.172607 0.000000  
-3.910075 -7.927765 15.105648 1.000000  
0.845739 0.322699 0.424959 0.000000  
0.518199 -0.306780 -0.798345 0.000000  
-0.127256 0.895405 -0.426679 0.000000  
11.356801 -6.411987 38.618935 1.000000  
0.847199 0.343520 0.405277 0.000000  
0.338811 0.238238 -0.910192 0.000000  
-0.409221 0.908426 0.085446 0.000000  
26.883354 -7.237141 10.506699 1.000000  
0.928944 -0.000018 0.370221 0.000000  
0.370221 -0.000344 -0.928943 0.000000  
0.000144 1.000000 -0.000314 0.000000  
15.477551 0.000914 13.381285 1.000000  
0.928948 -0.000000 0.370211 0.000000  
0.370211 0.000000 -0.928948 0.000000  
0.000000 1.000000 -0.000000 0.000000  
15.477974 0.005365 13.380049 1.000000  
-0.012781 0.997287 -0.072497 0.000000  
-0.464073 0.058305 0.883876 0.000000  
0.885705 0.044941 0.462069 0.000000  
0.016176 79.571190 -1.609694 1.000000  
0.910285 0.003704 0.413965 0.000000  
0.412425 -0.094735 -0.906052 0.000000  
0.035861 0.995496 -0.087763 0.000000  
-3.925253 -9.083633 6.243397 1.000000  
0.940355 -0.054848 0.335744 0.000000  
0.336687 0.008685 -0.941576 0.000000  
0.048728 0.998457 0.026633 0.000000  
-5.341629 -9.551880 -7.100070 1.000000  
0.966568 -0.088588 0.240623 0.000000  
0.249888 0.115099 -0.961410 0.000000  
0.057474 0.989396 0.133388 0.000000  
-6.234289 -8.665977 -20.447441 1.000000  
0.057845 0.996707 0.056823 0.000000  
-0.162941 -0.046729 0.985529 0.000000  
0.984939 -0.066267 0.159702 0.000000  
4.250869 134.685730 -9.789135 1.000000  
0.989469 -0.034695 0.140524 0.000000  
0.144549 0.186499 -0.971763 0.000000  
0.007507 0.981843 0.189551 0.000000  
2.723923 -8.249420 -28.417118 1.000000  
0.985632 0.031236 0.165994 0.000000  
0.163946 0.059518 -0.984672 0.000000  
-0.040637 0.997738 0.053542 0.000000  
10.699413 -9.370071 -5.036829 1.000000  
0.999799 0.017423 0.009911 0.000000  
0.011069 -0.067669 -0.997646 0.000000  
-0.016712 0.997556 -0.067849 0.000000  
1.882184 -13.232117 15.557247 1.000000  
0.875381 0.181811 -0.447943 0.000000  
0.481155 -0.237816 0.843761 0.000000  
0.046877 -0.954143 -0.295659 0.000000  
25.374069 155.910461 20.980831 1.000000  
0.326966 -0.944235 -0.038904 0.000000  
0.670607 0.260827 -0.694446 0.000000  
0.665868 0.200971 0.718492 0.000000  
-79.918617 181.574753 -113.920593 1.000000  
0.210241 -0.721714 0.659490 0.000000  
0.622182 -0.421559 -0.659680 0.000000  
0.754114 0.549015 0.360408 0.000000  
-83.325012 108.677055 -119.668983 1.000000  
-0.181209 -0.636580 0.749623 0.000000  
0.383745 -0.747585 -0.542086 0.000000  
0.905484 0.189433 0.379751 0.000000  
-48.429962 162.189026 -137.840759 1.000000  
-0.243357 -0.762536 0.599433 0.000000  
0.901526 -0.405807 -0.150235 0.000000  
0.357812 0.503843 0.786202 0.000000  
59.409554 131.957336 -179.399567 1.000000  
-0.334668 -0.928480 0.161004 0.000000  
0.902316 -0.266473 0.338841 0.000000  
-0.271708 0.258674 0.926969 0.000000  
179.963196 202.920212 -121.850677 1.000000  
-0.914303 -0.393355 -0.096606 0.000000  
0.380404 -0.751985 -0.538342 0.000000  
0.139109 -0.528952 0.837167 0.000000  
215.787018 240.003296 -61.171638 1.000000  
-0.446530 0.364882 -0.816998 0.000000  
0.374375 -0.753123 -0.540971 0.000000  
-0.812682 -0.547416 0.199685 0.000000  
287.606201 97.697609 185.206177 1.000000  
0.595654 0.664840 -0.450772 0.000000  
0.420294 -0.736200 -0.530436 0.000000  
-0.684506 0.126499 -0.717942 0.000000  
56.674721 -76.631805 267.059387 1.000000  
-0.915330 -0.385506 -0.116479 0.000000  
0.385067 -0.753118 -0.533421 0.000000  
0.117911 -0.533103 0.837788 0.000000  
219.692719 239.104401 -57.329819 1.000000  
-0.408044 0.379410 -0.830399 0.000000  
0.376503 -0.758680 -0.531650 0.000000  
-0.831710 -0.529576 0.166723 0.000000  
283.739471 92.243088 192.988708 1.000000  
0.653433 0.626476 -0.424930 0.000000  
0.374460 -0.755352 -0.537796 0.000000  
-0.657880 0.192293 -0.728154 0.000000  
43.225777 -79.030075 263.760834 1.000000  
-0.701651 0.237108 -0.671912 0.000000  
-0.711963 -0.195981 0.674315 0.000000  
0.028203 0.951510 0.306322 0.000000  
-21.443144 157.552002 14.331853 1.000000  
0.331606 0.753370 0.567865 0.000000  
0.256470 0.507266 -0.822742 0.000000  
-0.907888 0.418466 -0.025004 0.000000  
122.669739 133.173508 32.651207 1.000000  
0.373228 0.911955 -0.170406 0.000000  
0.047840 -0.202353 -0.978144 0.000000  
-0.926505 0.356918 -0.119152 0.000000  
132.872284 169.217636 -20.426977 1.000000  
0.023546 0.689709 -0.723700 0.000000  
0.173296 -0.715759 -0.676503 0.000000  
-0.984591 -0.109487 -0.136377 0.000000  
89.326065 222.994171 -103.492722 1.000000  
0.190133 0.877901 -0.439468 0.000000  
-0.571239 -0.265133 -0.776781 0.000000  
-0.798463 0.398733 0.451085 0.000000  
76.244965 170.694839 -159.799332 1.000000  
-0.127470 0.970957 -0.202455 0.000000  
-0.862527 -0.209299 -0.460698 0.000000  
-0.489699 0.115901 0.864158 0.000000  
-33.128525 234.440216 -184.217682 1.000000  
-0.788210 0.307398 -0.533123 0.000000  
0.174423 -0.719189 -0.672565 0.000000  
-0.590171 -0.623117 0.513259 0.000000  
-125.971466 240.582031 -179.222198 1.000000  
-0.936943 -0.332744 0.106813 0.000000  
0.179261 -0.719982 -0.670441 0.000000  
0.299986 -0.609026 0.734239 0.000000  
-305.583496 115.403053 -93.980499 1.000000  
-0.295124 -0.705421 0.644421 0.000000  
0.155182 -0.700898 -0.696175 0.000000  
0.942774 -0.105459 0.316325 0.000000  
-285.572113 -44.681534 84.712379 1.000000  
-0.848708 0.239264 -0.471631 0.000000  
0.169409 -0.721811 -0.671036 0.000000  
-0.500992 -0.649419 0.572078 0.000000  
-152.381927 232.411194 -177.832443 1.000000  
-0.850396 -0.451582 0.269979 0.000000  
0.174503 -0.726180 -0.664989 0.000000  
0.496353 -0.518400 0.696353 0.000000  
-321.845551 78.091682 -57.101612 1.000000  
0.020701 -0.675056 0.737465 0.000000  
0.179696 -0.723105 -0.666955 0.000000  
0.983513 0.146328 0.106338 0.000000  
-231.031342 -78.821602 135.698746 1.000000  
0.865377 -0.193508 0.462252 0.000000  
0.384077 -0.336385 -0.859843 0.000000  
0.321881 0.921629 -0.216779 0.000000  
-29.529112 -7.995491 18.836548 1.000000  
0.847551 -0.229846 0.478361 0.000000  
0.522353 0.520647 -0.675332 0.000000  
-0.093835 0.822251 0.561335 0.000000  
-6.718655 -2.708912 -23.948200 1.000000  
0.743146 -0.000000 0.669130 0.000000  
0.669130 0.000001 -0.743145 0.000000  
0.000000 1.000001 0.000001 0.000000  
-11.761818 0.000006 -6.218559 1.000000  
0.743146 -0.000000 0.669130 0.000000  
0.669130 0.000001 -0.743146 0.000000  
0.000000 1.000001 0.000000 0.000000  
-11.761810 0.000012 -6.218572 1.000000  
0.000000 1.000000 0.000000 0.000000  
-0.370211 0.000000 0.928948 0.000000  
0.928948 -0.000000 0.370211 0.000000  
35.918461 -0.000002 32.801186 1.000000  
0.000000 1.000000 0.000000 0.000000  
-0.669130 0.000000 0.743146 0.000000  
0.743146 -0.000000 0.669130 0.000000  
-38.228195 0.000000 -15.946484 1.000000  
0.166569 -0.713445 0.680625 0.000000  
-0.632824 0.452004 0.628670 0.000000  
-0.756167 -0.535433 -0.376195 0.000000  
77.504814 128.627075 -1.861741 1.000000  
0.342668 -0.936539 -0.073987 0.000000  
-0.658230 -0.295537 0.692381 0.000000  
-0.670308 -0.188556 -0.717729 0.000000  
64.545441 164.046082 0.936386 1.000000  
-0.309899 -0.739599 -0.597458 0.000000  
-0.268334 -0.534813 0.801232 0.000000  
-0.912118 0.408619 -0.032721 0.000000  
-52.840462 168.162064 -15.734735 1.000000  
-0.355660 -0.909241 0.216302 0.000000  
-0.028819 0.241993 0.969850 0.000000  
-0.934171 0.338703 -0.112271 0.000000  
-64.560547 140.191147 -38.330048 1.000000  
-0.002674 0.966301 0.257401 0.000000  
-0.144719 -0.255066 0.956032 0.000000  
0.989469 -0.034695 0.140524 0.000000  
5.818840 161.702911 -8.248871 1.000000  
-0.016712 0.997556 -0.067849 0.000000  
-0.011071 0.067669 0.997646 0.000000  
0.999799 0.017423 0.009913 0.000000  
-1.346486 161.339767 34.365444 1.000000  
0.035945 0.984335 -0.172607 0.000000  
-0.470930 0.169023 0.865827 0.000000  
0.881438 0.050163 0.469628 0.000000  
0.000001 79.129250 -1.532129 1.000000  
-0.287195 -0.632633 0.719236 0.000000  
0.882050 0.118120 0.456104 0.000000  
-0.373503 0.765393 0.524090 0.000000  
86.192749 91.415054 33.638466 1.000000  
0.077004 -0.654390 0.752223 0.000000  
-0.980956 -0.184668 -0.060231 0.000000  
0.178326 -0.733259 -0.656148 0.000000  
-83.111145 92.766754 -27.048134 1.000000  
-0.916750 -0.195248 0.348501 0.000000  
0.245867 0.411804 0.877478 0.000000  
-0.314838 0.890109 -0.329514 0.000000  
73.031914 102.491806 49.075703 1.000000  
-0.808518 -0.467733 -0.357114 0.000000  
-0.432121 0.059944 0.899824 0.000000  
-0.399467 0.881832 -0.250581 0.000000  
61.962914 100.134346 53.283562 1.000000  
-0.920091 -0.368809 -0.131998 0.000000  
0.101404 -0.549736 0.829156 0.000000  
-0.378363 0.749513 0.543205 0.000000  
71.145210 80.958740 65.615814 1.000000  
-0.407276 0.382665 -0.829282 0.000000  
-0.828891 -0.536121 0.159695 0.000000  
-0.383485 0.752423 0.535536 0.000000  
62.625370 77.543655 64.393547 1.000000  
0.682620 0.615693 -0.393654 0.000000  
-0.612834 0.188860 -0.767306 0.000000  
-0.398079 0.765022 0.506236 0.000000  
58.911831 81.032791 56.832157 1.000000  
0.468008 -0.358723 0.807640 0.000000  
-0.771529 0.279813 0.571365 0.000000  
-0.430948 -0.890516 -0.145810 0.000000  
-83.138840 103.968666 -6.831082 1.000000  
0.822410 -0.503558 0.264702 0.000000  
-0.356630 -0.093828 0.929526 0.000000  
-0.443234 -0.858851 -0.256749 0.000000  
-77.488029 99.637383 2.920499 1.000000  
0.812808 -0.278900 0.511419 0.000000  
-0.554399 -0.639895 0.532153 0.000000  
0.178836 -0.716068 -0.674733 0.000000  
-83.137360 81.086708 7.907356 1.000000  
0.924199 0.353539 -0.144408 0.000000  
0.342219 -0.598848 0.724074 0.000000  
0.169509 -0.718606 -0.674441 0.000000  
-75.610931 78.504158 12.642981 1.000000  
0.199097 0.682264 -0.703469 0.000000  
0.970393 -0.037069 0.238692 0.000000  
0.136774 -0.730163 -0.669443 0.000000  
-67.184097 81.727722 11.326265 1.000000  
0.870506 -0.202332 0.448634 0.000000  
-0.458775 -0.663607 0.590899 0.000000  
0.178159 -0.720202 -0.670498 0.000000  
-79.328476 66.033737 -5.725843 1.000000  
0.822381 0.480658 -0.304375 0.000000  
0.541626 -0.497693 0.677465 0.000000  
0.174144 -0.721991 -0.669629 0.000000  
-72.046448 64.341179 -1.972896 1.000000  
-0.124850 0.652599 -0.747334 0.000000  
0.976796 0.213001 0.022816 0.000000  
0.174072 -0.727144 -0.664049 0.000000  
-65.799210 67.992508 -4.285087 1.000000  
-0.922814 -0.353752 -0.152591 0.000000  
0.075582 -0.554611 0.828665 0.000000  
-0.377770 0.753170 0.538540 0.000000  
78.775192 65.198441 54.645046 1.000000  
-0.364629 0.409281 -0.836391 0.000000  
-0.850091 -0.512854 0.119641 0.000000  
-0.379980 0.754632 0.534927 0.000000  
71.055595 62.239208 53.368580 1.000000  
0.721462 0.599261 -0.346972 0.000000  
-0.582018 0.253301 -0.772713 0.000000  
-0.375168 0.759426 0.531528 0.000000  
68.285683 65.348320 47.014915 1.000000  
1.000000 0.000000 0.000000 0.000000  
0.000000 1.000000 0.000000 0.000000  
0.000000 0.000000 1.000000 0.000000  
0.000000 0.000000 0.000000 1.000000  
1.000000 0.000000 0.000000 0.000000  
0.000000 0.000000 -1.000000 0.000000  
0.000000 1.000000 0.000000 0.000000  
0.000000 0.000001 0.000000 1.000000  
0.000000 1.000000 0.000000 0.000000  
0.000000 -0.000000 1.000000 0.000000  
1.000000 0.000000 -0.000000 0.000000  
0.000001 0.000001 6.479099 1.000000  
0.881405 0.050163 0.469690 0.000000  
0.470991 -0.169005 -0.865797 0.000000  
0.035949 0.984338 -0.172588 0.000000  
-3.910465 -7.923943 15.104117 1.000000  
0.845713 0.322682 0.425025 0.000000  
0.518227 -0.306586 -0.798402 0.000000  
-0.127323 0.895478 -0.426506 0.000000  
11.362546 -6.414200 38.603809 1.000000  
0.847172 0.343494 0.405355 0.000000  
0.338935 0.238154 -0.910167 0.000000  
-0.409174 0.908457 0.085335 0.000000  
26.882813 -7.237057 10.507128 1.000000  
0.928936 -0.000072 0.370242 0.000000  
0.370241 -0.000511 -0.928935 0.000000  
0.000257 1.000000 -0.000449 0.000000  
15.475203 0.002569 13.383770 1.000000  
0.928948 0.000000 0.370211 0.000000  
0.370211 0.000000 -0.928947 0.000000  
0.000000 1.000000 -0.000000 0.000000  
15.475622 0.007977 13.382347 1.000000  
-0.012789 0.997292 -0.072430 0.000000  
-0.464137 0.058239 0.883847 0.000000  
0.885671 0.044921 0.462135 0.000000  
0.016178 79.575340 -1.609458 1.000000  
0.910252 0.003660 0.414039 0.000000  
0.412503 -0.094517 -0.906040 0.000000  
0.035818 0.995516 -0.087544 0.000000  
-3.920785 -9.081566 6.221457 1.000000  
0.940328 -0.054886 0.335813 0.000000  
0.336776 0.009082 -0.941541 0.000000  
0.048628 0.998451 0.027024 0.000000  
-5.330551 -9.546921 -7.142152 1.000000  
0.966554 -0.088592 0.240679 0.000000  
0.249975 0.115638 -0.961322 0.000000  
0.057334 0.989333 0.133916 0.000000  
-6.218142 -8.654121 -20.506903 1.000000  
0.057707 0.996682 0.057413 0.000000  
-0.163027 -0.047329 0.985486 0.000000  
0.984933 -0.066229 0.159755 0.000000  
4.247643 134.693253 -9.771787 1.000000  
0.989463 -0.034645 0.140581 0.000000  
0.144600 0.187070 -0.971646 0.000000  
0.007364 0.981736 0.190108 0.000000  
2.740852 -8.231522 -28.480446 1.000000  
0.985615 0.031271 0.166088 0.000000  
0.164014 0.060098 -0.984625 0.000000  
-0.040772 0.997702 0.054105 0.000000  
10.714682 -9.364410 -5.100172 1.000000  
0.999796 0.017549 0.009998 0.000000  
0.011155 -0.067102 -0.997684 0.000000  
-0.016837 0.997592 -0.067284 0.000000  
1.896368 -13.239273 15.491028 1.000000  
0.875392 0.182180 -0.447772 0.000000  
0.481121 -0.238232 0.843663 0.000000  
0.047025 -0.953969 -0.296197 0.000000  
25.365608 155.903259 21.012388 1.000000  
0.327453 -0.944052 -0.039246 0.000000  
0.670193 0.261340 -0.694653 0.000000  
0.666046 0.201164 0.718273 0.000000  
-79.981438 181.533020 -113.820145 1.000000  
0.210803 -0.721418 0.659634 0.000000  
0.622060 -0.421534 -0.659811 0.000000  
0.754058 0.549422 0.359904 0.000000  
-83.358337 108.593651 -119.567032 1.000000  
-0.180640 -0.636406 0.749908 0.000000  
0.383799 -0.747613 -0.542008 0.000000  
0.905574 0.189905 0.379298 0.000000  
-48.491737 162.113159 -137.771255 1.000000  
-0.242616 -0.762372 0.599940 0.000000  
0.901507 -0.405613 -0.150871 0.000000  
0.358362 0.504246 0.785693 0.000000  
59.242245 131.897110 -179.362335 1.000000  
-0.334315 -0.928443 0.161946 0.000000  
0.902783 -0.266137 0.337860 0.000000  
-0.270588 0.259152 0.927163 0.000000  
179.773163 202.870712 -122.009109 1.000000  
-0.914111 -0.394050 -0.095590 0.000000  
0.380462 -0.752016 -0.538258 0.000000  
0.140211 -0.528391 0.837338 0.000000  
215.621704 240.070953 -61.341484 1.000000  
-0.447976 0.363791 -0.816692 0.000000  
0.374434 -0.753160 -0.540879 0.000000  
-0.811858 -0.548091 0.201178 0.000000  
287.802643 98.050987 184.948151 1.000000  
0.593976 0.665173 -0.452492 0.000000  
0.420328 -0.736177 -0.530441 0.000000  
-0.685942 0.124874 -0.716856 0.000000  
57.300018 -76.403267 267.276917 1.000000  
-0.915123 -0.386385 -0.115184 0.000000  
0.385125 -0.753144 -0.533342 0.000000  
0.119321 -0.532429 0.838017 0.000000  
219.472626 239.186920 -57.560879 1.000000  
-0.410076 0.377994 -0.830043 0.000000  
0.376575 -0.758711 -0.531554 0.000000  
-0.830677 -0.530544 0.168783 0.000000  
284.011627 92.706711 192.626740 1.000000  
0.651190 0.627104 -0.427438 0.000000  
0.374515 -0.755395 -0.537696 0.000000  
-0.660068 0.190060 -0.726759 0.000000  
44.084812 -78.758888 264.080841 1.000000  
-0.701630 0.237397 -0.671832 0.000000  
-0.711989 -0.196457 0.674149 0.000000  
0.028054 0.951340 0.306864 0.000000  
-21.451305 157.542450 14.360723 1.000000  
0.331604 0.753057 0.568281 0.000000  
0.256826 0.507557 -0.822452 0.000000  
-0.907788 0.418677 -0.025097 0.000000  
122.640411 133.117706 32.720970 1.000000  
0.373392 0.911962 -0.170009 0.000000  
0.048087 -0.202044 -0.978195 0.000000  
-0.926426 0.357075 -0.119295 0.000000  
132.864273 169.202209 -20.345573 1.000000  
0.023835 0.689939 -0.723472 0.000000  
0.173393 -0.715564 -0.676686 0.000000  
-0.984567 -0.109318 -0.136686 0.000000  
89.348022 223.011017 -103.406113 1.000000  
0.190666 0.877943 -0.439153 0.000000  
-0.570610 -0.264902 -0.777322 0.000000  
-0.798786 0.398795 0.450460 0.000000  
76.369225 170.701111 -159.649109 1.000000  
-0.126892 0.970976 -0.202728 0.000000  
-0.861966 -0.209078 -0.461847 0.000000  
-0.490835 0.116143 0.863480 0.000000  
-32.861797 234.412079 -184.166702 1.000000  
-0.787480 0.308239 -0.533717 0.000000  
0.174519 -0.719000 -0.672743 0.000000  
-0.591118 -0.622920 0.512408 0.000000  
-125.703697 240.705841 -179.193451 1.000000  
-0.937566 -0.331532 0.105104 0.000000  
0.179349 -0.719798 -0.670615 0.000000  
0.297980 -0.609904 0.734327 0.000000  
-305.395691 115.780556 -94.325119 1.000000  
-0.297980 -0.705335 0.643199 0.000000  
0.155386 -0.700664 -0.696365 0.000000  
0.941842 -0.107562 0.318387 0.000000  
-286.014221 -44.322838 84.131416 1.000000  
-0.848082 0.240123 -0.472321 0.000000  
0.169506 -0.721616 -0.671221 0.000000  
-0.502018 -0.649318 0.571292 0.000000  
-152.119873 232.554855 -177.832703 1.000000  
-0.851447 -0.450592 0.268316 0.000000  
0.174584 -0.725991 -0.665175 0.000000  
0.494519 -0.519525 0.696819 0.000000  
-321.767334 78.468285 -57.500298 1.000000  
0.017678 -0.675687 0.736966 0.000000  
0.179781 -0.722925 -0.667127 0.000000  
0.983557 0.144288 0.108699 0.000000  
-231.662888 -78.612595 135.210861 1.000000  
0.865343 -0.193503 0.462318 0.000000  
0.384164 -0.336325 -0.859827 0.000000  
0.321868 0.921652 -0.216699 0.000000  
-29.528135 -7.993370 18.829823 1.000000  
0.847520 -0.229831 0.478424 0.000000  
0.522411 0.520512 -0.675392 0.000000  
-0.093799 0.822341 0.561210 0.000000  
-6.720350 -2.710388 -23.943668 1.000000  
0.743147 0.000004 0.669128 0.000000  
0.669128 -0.000009 -0.743147 0.000000  
0.000004 1.000001 -0.000010 0.000000  
-11.761843 0.000105 -6.218382 1.000000  
0.743146 -0.000000 0.669130 0.000000  
0.669130 0.000001 -0.743146 0.000000  
0.000000 1.000001 0.000000 0.000000  
-11.761837 0.000144 -6.218373 1.000000  
0.000000 1.000000 0.000000 0.000000  
-0.370211 0.000000 0.928948 0.000000  
0.928948 -0.000000 0.370211 0.000000  
35.918461 -0.000002 32.801186 1.000000  
0.000000 1.000000 0.000000 0.000000  
-0.669130 0.000000 0.743146 0.000000  
0.743146 -0.000000 0.669130 0.000000  
-38.228195 0.000000 -15.946484 1.000000  
0.167137 -0.713160 0.680785 0.000000  
-0.632726 0.451965 0.628797 0.000000  
-0.756124 -0.535846 -0.375694 0.000000  
77.514580 128.643951 -1.835676 1.000000  
0.343136 -0.936340 -0.074335 0.000000  
-0.657798 -0.296043 0.692576 0.000000  
-0.670492 -0.188750 -0.717505 0.000000  
64.537468 164.055450 0.975583 1.000000  
-0.309885 -0.739278 -0.597862 0.000000  
-0.268690 -0.535091 0.800927 0.000000  
-0.912018 0.408834 -0.032820 0.000000  
-52.847687 168.165482 -15.702263 1.000000  
-0.355836 -0.909266 0.215910 0.000000  
-0.029058 0.241685 0.969920 0.000000  
-0.934097 0.338858 -0.112422 0.000000  
-64.567245 140.206665 -38.312862 1.000000  
-0.002821 0.966155 0.257949 0.000000  
-0.144759 -0.255627 0.955876 0.000000  
0.989463 -0.034644 0.140581 0.000000  
5.811887 161.709763 -8.215537 1.000000  
-0.016829 0.997592 -0.067284 0.000000  
-0.011155 0.067102 0.997684 0.000000  
0.999796 0.017541 0.009999 0.000000  
-1.356689 161.321518 34.398037 1.000000  
0.035949 0.984338 -0.172588 0.000000  
-0.470991 0.169005 0.865797 0.000000  
0.881405 0.050163 0.469690 0.000000  
0.000001 79.133392 -1.531901 1.000000  
-0.286641 -0.632509 0.719565 0.000000  
0.882201 0.118607 0.455685 0.000000  
-0.373571 0.765419 0.524003 0.000000  
86.232155 91.446793 33.672886 1.000000  
0.076711 -0.654642 0.752033 0.000000  
-0.980963 -0.184524 -0.060564 0.000000  
0.178415 -0.733071 -0.656335 0.000000  
-83.127029 92.780998 -27.051369 1.000000  
-0.916388 -0.195371 0.349382 0.000000  
0.246523 0.412210 0.877103 0.000000  
-0.315377 0.889894 -0.329579 0.000000  
73.073723 102.523506 49.112213 1.000000  
-0.808889 -0.468064 -0.355837 0.000000  
-0.431003 0.060380 0.900332 0.000000  
-0.399924 0.881626 -0.250575 0.000000  
62.009079 100.164558 53.330719 1.000000  
-0.919946 -0.369527 -0.130990 0.000000  
0.102514 -0.549207 0.829370 0.000000  
-0.378415 0.749547 0.543123 0.000000  
71.202446 80.995071 65.660149 1.000000  
-0.408759 0.381606 -0.829041 0.000000  
-0.828130 -0.536845 0.161201 0.000000  
-0.383551 0.752445 0.535459 0.000000  
62.683926 77.573334 64.447205 1.000000  
0.681106 0.616203 -0.395474 0.000000  
-0.614440 0.187283 -0.766408 0.000000  
-0.398197 0.764999 0.506178 0.000000  
58.956860 81.052826 56.887974 1.000000  
0.467244 -0.358942 0.807984 0.000000  
-0.771977 0.279848 0.570743 0.000000  
-0.430974 -0.890417 -0.146336 0.000000  
-83.158920 103.976410 -6.830717 1.000000  
0.821892 -0.503787 0.265870 0.000000  
-0.357920 -0.093622 0.929050 0.000000  
-0.443152 -0.858739 -0.257263 0.000000  
-77.517326 99.642494 2.925043 1.000000  
0.812119 -0.279749 0.512049 0.000000  
-0.555375 -0.639735 0.531327 0.000000  
0.178937 -0.715879 -0.674906 0.000000  
-83.164452 81.089706 7.900359 1.000000  
0.924910 0.352370 -0.142702 0.000000  
0.340243 -0.599780 0.724233 0.000000  
0.169608 -0.718403 -0.674633 0.000000  
-75.644386 78.499283 12.641840 1.000000  
0.202039 0.682424 -0.702474 0.000000  
0.969773 -0.039165 0.240870 0.000000  
0.136863 -0.729904 -0.669707 0.000000  
-67.211014 81.712204 11.340652 1.000000  
0.869929 -0.203196 0.449361 0.000000  
-0.459829 -0.663548 0.590146 0.000000  
0.178257 -0.720014 -0.670674 0.000000  
-79.353699 66.040634 -5.736629 1.000000  
0.823527 0.479732 -0.302734 0.000000  
0.539851 -0.498870 0.678015 0.000000  
0.174241 -0.721794 -0.669816 0.000000  
-72.076485 64.340851 -1.977583 1.000000  
-0.121855 0.653454 -0.747082 0.000000  
0.977161 0.211048 0.025215 0.000000  
0.174147 -0.726946 -0.664246 0.000000  
-65.820488 67.985146 -4.277350 1.000000  
-0.922675 -0.354663 -0.151311 0.000000  
0.077001 -0.553982 0.828955 0.000000  
-0.377823 0.753205 0.538454 0.000000  
78.833740 65.234138 54.691200 1.000000  
-0.366717 0.407921 -0.836143 0.000000  
-0.849164 -0.513899 0.121717 0.000000  
-0.380042 0.754658 0.534847 0.000000  
71.115280 62.267281 53.425453 1.000000  
0.719463 0.600134 -0.349604 0.000000  
-0.584433 0.251154 -0.771591 0.000000  
-0.375253 0.759450 0.531434 0.000000  
68.329498 65.366074 47.073597 1.000000  
1.000000 0.000000 0.000000 0.000000  
0.000000 1.000000 0.000000 0.000000  
0.000000 0.000000 1.000000 0.000000  
0.000000 0.000000 0.000000 1.000000  
1.000000 0.000000 0.000000 0.000000  
0.000000 0.000000 -1.000000 0.000000  
0.000000 1.000000 0.000000 0.000000  
0.000000 0.000001 0.000000 1.000000  
0.000000 1.000000 0.000000 0.000000  
0.000000 -0.000000 1.000000 0.000000  
1.000000 0.000000 -0.000000 0.000000  
0.000001 0.000001 6.479099 1.000000  
0.881375 0.050163 0.469747 0.000000  
0.471047 -0.168989 -0.865770 0.000000  
0.035952 0.984340 -0.172572 0.000000  
-3.910871 -7.920334 15.102807 1.000000  
0.845688 0.322666 0.425086 0.000000  
0.518251 -0.306405 -0.798455 0.000000  
-0.127386 0.895546 -0.426346 0.000000  
11.367950 -6.416222 38.589672 1.000000  
0.847147 0.343470 0.405426 0.000000  
0.339051 0.238074 -0.910145 0.000000  
-0.409129 0.908487 0.085230 0.000000  
26.882288 -7.236977 10.507589 1.000000  
0.928927 -0.000130 0.370264 0.000000  
0.370263 -0.000687 -0.928926 0.000000  
0.000375 1.000000 -0.000590 0.000000  
15.472750 0.004333 13.386370 1.000000  
0.928948 -0.000000 0.370211 0.000000  
0.370211 0.000000 -0.928947 0.000000  
0.000000 1.000000 -0.000000 0.000000  
15.473162 0.010738 13.384754 1.000000  
-0.012796 0.997296 -0.072370 0.000000  
-0.464196 0.058179 0.883820 0.000000  
0.885640 0.044904 0.462196 0.000000  
0.016179 79.579201 -1.609334 1.000000  
0.910221 0.003619 0.414107 0.000000  
0.412574 -0.094317 -0.906028 0.000000  
0.035778 0.995536 -0.087343 0.000000  
-3.916664 -9.079636 6.201178 1.000000  
0.940304 -0.054922 0.335876 0.000000  
0.336858 0.009449 -0.941508 0.000000  
0.048536 0.998446 0.027385 0.000000  
-5.320270 -9.542290 -7.181159 1.000000  
0.966540 -0.088596 0.240730 0.000000  
0.250055 0.116138 -0.961241 0.000000  
0.057204 0.989274 0.134405 0.000000  
-6.203136 -8.643127 -20.562067 1.000000  
0.057579 0.996657 0.057959 0.000000  
-0.163106 -0.047884 0.985446 0.000000  
0.984927 -0.066194 0.159804 0.000000  
4.244658 134.700226 -9.755884 1.000000  
0.989457 -0.034598 0.140634 0.000000  
0.144646 0.187598 -0.971537 0.000000  
0.007230 0.981637 0.190624 0.000000  
2.756600 -8.214905 -28.539221 1.000000  
0.985599 0.031304 0.166175 0.000000  
0.164078 0.060636 -0.984582 0.000000  
-0.040898 0.997669 0.054626 0.000000  
10.728903 -9.359131 -5.159010 1.000000  
0.999793 0.017666 0.010079 0.000000  
0.011234 -0.066576 -0.997718 0.000000  
-0.016955 0.997625 -0.066761 0.000000  
1.909587 -13.245834 15.429535 1.000000  
0.875402 0.182522 -0.447613 0.000000  
0.481090 -0.238616 0.843572 0.000000  
0.047163 -0.953807 -0.296695 0.000000  
25.357769 155.896606 21.041424 1.000000  
0.327906 -0.943882 -0.039563 0.000000  
0.669807 0.261816 -0.694846 0.000000  
0.666211 0.201345 0.718069 0.000000  
-80.039780 181.493896 -113.727112 1.000000  
0.211326 -0.721141 0.659770 0.000000  
0.621946 -0.421512 -0.659932 0.000000  
0.754006 0.549802 0.359434 0.000000  
-83.389290 108.515831 -119.472313 1.000000  
-0.180112 -0.636241 0.750174 0.000000  
0.383849 -0.747641 -0.541934 0.000000  
0.905658 0.190345 0.378877 0.000000  
-48.549149 162.042206 -137.706848 1.000000  
-0.241927 -0.762219 0.600413 0.000000  
0.901489 -0.405433 -0.151461 0.000000  
0.358872 0.504624 0.785218 0.000000  
59.086880 131.840546 -179.327789 1.000000  
-0.333987 -0.928408 0.162824 0.000000  
0.903216 -0.265823 0.336949 0.000000  
-0.269548 0.259600 0.927340 0.000000  
179.596512 202.824249 -122.156448 1.000000  
-0.913930 -0.394695 -0.094645 0.000000  
0.380515 -0.752046 -0.538178 0.000000  
0.141235 -0.527867 0.837496 0.000000  
215.468002 240.133453 -61.499657 1.000000  
-0.449319 0.362774 -0.816407 0.000000  
0.374489 -0.753196 -0.540791 0.000000  
-0.811091 -0.548715 0.202566 0.000000  
287.984558 98.379791 184.707779 1.000000  
0.592415 0.665476 -0.454089 0.000000  
0.420360 -0.736158 -0.530443 0.000000  
-0.687271 0.123361 -0.715844 0.000000  
57.880962 -76.189255 267.478058 1.000000  
-0.914928 -0.387202 -0.113980 0.000000  
0.385179 -0.753170 -0.533266 0.000000  
0.120632 -0.531798 0.838230 0.000000  
219.268005 239.263092 -57.775764 1.000000  
-0.411961 0.376674 -0.829710 0.000000  
0.376642 -0.758741 -0.531463 0.000000  
-0.829714 -0.531438 0.170697 0.000000  
284.263336 93.137756 192.289673 1.000000  
0.649102 0.627679 -0.429764 0.000000  
0.374566 -0.755438 -0.537601 0.000000  
-0.662093 0.187982 -0.725456 0.000000  
44.882774 -78.504578 264.376099 1.000000  
-0.701611 0.237664 -0.671757 0.000000  
-0.712013 -0.196898 0.673994 0.000000  
0.027916 0.951182 0.307366 0.000000  
-21.458866 157.533600 14.387284 1.000000  
0.331602 0.752767 0.568667 0.000000  
0.257156 0.507826 -0.822182 0.000000  
-0.907695 0.418873 -0.025182 0.000000  
122.613205 133.065903 32.785389 1.000000  
0.373543 0.911969 -0.169640 0.000000  
0.048315 -0.201757 -0.978243 0.000000  
-0.926353 0.357220 -0.119427 0.000000  
132.856827 169.187943 -20.270235 1.000000  
0.024103 0.690153 -0.723259 0.000000  
0.173483 -0.715381 -0.676855 0.000000  
-0.984544 -0.109161 -0.136972 0.000000  
89.368301 223.026764 -103.325821 1.000000  
0.191160 0.877982 -0.438860 0.000000  
-0.570025 -0.264688 -0.777824 0.000000  
-0.799085 0.398851 0.449878 0.000000  
76.484451 170.706970 -159.509659 1.000000  
-0.126355 0.970993 -0.202981 0.000000  
-0.861444 -0.208873 -0.462913 0.000000  
-0.491889 0.116368 0.862849 0.000000  
-32.614212 234.385864 -184.119095 1.000000  
-0.786800 0.309021 -0.534267 0.000000  
0.174608 -0.718823 -0.672908 0.000000  
-0.591996 -0.622737 0.511616 0.000000  
-125.455078 240.820618 -179.166489 1.000000  
-0.938140 -0.330404 0.103516 0.000000  
0.179431 -0.719626 -0.670777 0.000000  
0.296117 -0.610718 0.734404 0.000000  
-305.220337 116.130981 -94.644745 1.000000  
-0.300628 -0.705251 0.642059 0.000000  
0.155575 -0.700447 -0.696541 0.000000  
0.940969 -0.109516 0.320298 0.000000  
-286.422821 -43.988754 83.591034 1.000000  
-0.847500 0.240921 -0.472959 0.000000  
0.169596 -0.721435 -0.671393 0.000000  
-0.502970 -0.649224 0.570561 0.000000  
-151.876480 232.688110 -177.832657 1.000000  
-0.852419 -0.449672 0.266771 0.000000  
0.174660 -0.725815 -0.665347 0.000000  
0.492816 -0.520569 0.697247 0.000000  
-321.693604 78.817986 -57.870270 1.000000  
0.014871 -0.676268 0.736494 0.000000  
0.179861 -0.722758 -0.667286 0.000000  
0.983589 0.142391 0.110889 0.000000  
-232.247726 -78.417313 134.756378 1.000000  
0.865311 -0.193499 0.462379 0.000000  
0.384245 -0.336270 -0.859812 0.000000  
0.321857 0.921672 -0.216628 0.000000  
-29.527306 -7.991318 18.823658 1.000000  
0.847490 -0.229818 0.478482 0.000000  
0.522464 0.520386 -0.675447 0.000000  
-0.093766 0.822424 0.561093 0.000000  
-6.721956 -2.711742 -23.939438 1.000000  
0.743149 0.000009 0.669126 0.000000  
0.669126 -0.000022 -0.743149 0.000000  
0.000008 1.000000 -0.000022 0.000000  
-11.761913 0.000254 -6.218163 1.000000  
0.743146 -0.000001 0.669130 0.000000  
0.669130 0.000000 -0.743146 0.000000  
0.000000 1.000000 0.000000 0.000000  
-11.761913 0.000338 -6.218133 1.000000  
0.000000 1.000000 0.000000 0.000000  
-0.370211 0.000000 0.928948 0.000000  
0.928948 -0.000000 0.370211 0.000000  
35.918461 -0.000002 32.801186 1.000000  
0.000000 1.000000 0.000000 0.000000  
-0.669130 0.000000 0.743146 0.000000  
0.743146 -0.000000 0.669130 0.000000  
-38.228195 0.000000 -15.946484 1.000000  
0.167667 -0.712893 0.680934 0.000000  
-0.632634 0.451930 0.628915 0.000000  
-0.756083 -0.536230 -0.375227 0.000000  
77.523689 128.659637 -1.811679 1.000000  
0.343571 -0.936154 -0.074659 0.000000  
-0.657395 -0.296513 0.692757 0.000000  
-0.670665 -0.188931 -0.717297 0.000000  
64.530083 164.064163 1.011723 1.000000  
-0.309870 -0.738980 -0.598238 0.000000  
-0.269020 -0.535350 0.800643 0.000000  
-0.911926 0.409033 -0.032911 0.000000  
-52.854378 168.168640 -15.672359 1.000000  
-0.355997 -0.909289 0.215545 0.000000  
-0.029281 0.241397 0.969985 0.000000  
-0.934028 0.339000 -0.112562 0.000000  
-64.573441 140.221069 -38.297161 1.000000  
-0.002959 0.966019 0.258456 0.000000  
-0.144796 -0.256147 0.955732 0.000000  
0.989457 -0.034595 0.140634 0.000000  
5.805448 161.716171 -8.184832 1.000000  
-0.016930 0.997625 -0.066761 0.000000  
-0.011234 0.066577 0.997718 0.000000  
0.999793 0.017641 0.010080 0.000000  
-1.366149 161.304626 34.428074 1.000000  
0.035952 0.984340 -0.172572 0.000000  
-0.471047 0.168989 0.865770 0.000000  
0.881375 0.050163 0.469746 0.000000  
0.000001 79.137253 -1.531785 1.000000  
-0.286124 -0.632393 0.719872 0.000000  
0.882343 0.119061 0.455293 0.000000  
-0.373633 0.765445 0.523921 0.000000  
86.268829 91.476364 33.704750 1.000000  
0.076441 -0.654877 0.751857 0.000000  
-0.980969 -0.184391 -0.060873 0.000000  
0.178499 -0.732895 -0.656508 0.000000  
-83.141716 92.794182 -27.054686 1.000000  
-0.916051 -0.195484 0.350202 0.000000  
0.247133 0.412588 0.876754 0.000000  
-0.315879 0.889693 -0.329640 0.000000  
73.112663 102.553093 49.146004 1.000000  
-0.809231 -0.468373 -0.354649 0.000000  
-0.429962 0.060785 0.900802 0.000000  
-0.400350 0.881435 -0.250570 0.000000  
62.052055 100.192780 53.374428 1.000000  
-0.919811 -0.370194 -0.130054 0.000000  
0.103546 -0.548715 0.829568 0.000000  
-0.378464 0.749578 0.543045 0.000000  
71.255722 81.029007 65.701271 1.000000  
-0.410138 0.380622 -0.828812 0.000000  
-0.827420 -0.537518 0.162600 0.000000  
-0.383612 0.752463 0.535390 0.000000  
62.738403 77.601067 64.497017 1.000000  
0.679695 0.616679 -0.397157 0.000000  
-0.615928 0.185820 -0.765570 0.000000  
-0.398310 0.764973 0.506129 0.000000  
58.998756 81.071602 56.939754 1.000000  
0.466535 -0.359145 0.808304 0.000000  
-0.772393 0.279879 0.570164 0.000000  
-0.430996 -0.890326 -0.146827 0.000000  
-83.177521 103.983543 -6.830676 1.000000  
0.821411 -0.503999 0.266953 0.000000  
-0.359119 -0.093432 0.928607 0.000000  
-0.443074 -0.858636 -0.257742 0.000000  
-77.544472 99.647171 2.928973 1.000000  
0.811478 -0.280537 0.512634 0.000000  
-0.556280 -0.639587 0.530556 0.000000  
0.179033 -0.715703 -0.675068 0.000000  
-83.189552 81.092407 7.893547 1.000000  
0.925565 0.351287 -0.141112 0.000000  
0.338407 -0.600646 0.724376 0.000000  
0.169706 -0.718210 -0.674815 0.000000  
-75.675392 78.494682 12.640483 1.000000  
0.204763 0.682580 -0.701533 0.000000  
0.969188 -0.041107 0.242890 0.000000  
0.136953 -0.729651 -0.669965 0.000000  
-67.235886 81.697746 11.353720 1.000000  
0.869392 -0.203997 0.450036 0.000000  
-0.460806 -0.663493 0.589444 0.000000  
0.178351 -0.719837 -0.670839 0.000000  
-79.377029 66.046967 -5.746972 1.000000  
0.824586 0.478875 -0.301202 0.000000  
0.538200 -0.499965 0.678521 0.000000  
0.174336 -0.721606 -0.669994 0.000000  
-72.104271 64.340469 -1.982249 1.000000  
-0.119082 0.654253 -0.746830 0.000000  
0.977489 0.209243 0.027444 0.000000  
0.174224 -0.726749 -0.664441 0.000000  
-65.840126 67.978279 -4.270480 1.000000  
-0.922543 -0.355509 -0.150121 0.000000  
0.078320 -0.553396 0.829223 0.000000  
-0.377873 0.753237 0.538375 0.000000  
78.888206 65.267448 54.734055 1.000000  
-0.368658 0.406657 -0.835904 0.000000  
-0.848297 -0.514871 0.123645 0.000000  
-0.380101 0.754677 0.534777 0.000000  
71.170776 62.293495 53.478275 1.000000  
0.717595 0.600951 -0.352032 0.000000  
-0.586668 0.249165 -0.770538 0.000000  
-0.375341 0.759460 0.531358 0.000000  
68.370239 65.382706 47.128052 1.000000  
1.000000 0.000000 0.000000 0.000000  
0.000000 1.000000 0.000000 0.000000  
0.000000 0.000000 1.000000 0.000000  
0.000000 0.000000 0.000000 1.000000  
1.000000 0.000000 0.000000 0.000000  
0.000000 0.000000 -1.000000 0.000000  
0.000000 1.000000 0.000000 0.000000  
0.000000 0.000001 0.000000 1.000000  
0.000000 1.000000 0.000000 0.000000  
0.000000 -0.000000 1.000000 0.000000  
1.000000 0.000000 -0.000000 0.000000  
0.000001 0.000001 6.479099 1.000000  
0.881326 0.050158 0.469838 0.000000  
0.471138 -0.168945 -0.865729 0.000000  
0.035954 0.984348 -0.172527 0.000000  
-3.911139 -7.914948 15.099718 1.000000  
0.845647 0.322637 0.425189 0.000000  
0.518294 -0.306115 -0.798539 0.000000  
-0.127481 0.895656 -0.426086 0.000000  
11.376141 -6.419670 38.567528 1.000000  
0.847107 0.343428 0.405547 0.000000  
0.339231 0.237970 -0.910105 0.000000  
-0.409064 0.908530 0.085084 0.000000  
26.881624 -7.236717 10.507675 1.000000  
0.928921 -0.000165 0.370277 0.000000  
0.370277 -0.000796 -0.928920 0.000000  
0.000448 1.000000 -0.000679 0.000000  
15.471210 0.005415 13.387992 1.000000  
0.928948 -0.000000 0.370211 0.000000  
0.370211 0.000000 -0.928948 0.000000  
0.000000 1.000000 -0.000000 0.000000  
15.471621 0.012444 13.386253 1.000000  
-0.012812 0.997304 -0.072253 0.000000  
-0.464290 0.058064 0.883778 0.000000  
0.885590 0.044869 0.462295 0.000000  
0.016180 79.585365 -1.608312 1.000000  
0.910171 0.003549 0.414217 0.000000  
0.412690 -0.093976 -0.906010 0.000000  
0.035711 0.995568 -0.086999 0.000000  
-3.909759 -9.076698 6.167588 1.000000  
0.940264 -0.054983 0.335977 0.000000  
0.336990 0.010057 -0.941454 0.000000  
0.048385 0.998436 0.027985 0.000000  
-5.303580 -9.534767 -7.244743 1.000000  
0.966519 -0.088605 0.240812 0.000000  
0.250186 0.116958 -0.961108 0.000000  
0.056994 0.989176 0.135210 0.000000  
-6.178979 -8.625038 -20.651445 1.000000  
0.057373 0.996617 0.058854 0.000000  
-0.163234 -0.048793 0.985380 0.000000  
0.984918 -0.066141 0.159883 0.000000  
4.239717 134.711548 -9.728410 1.000000  
0.989447 -0.034525 0.140719 0.000000  
0.144722 0.188463 -0.971358 0.000000  
0.007016 0.981473 0.191470 0.000000  
2.781752 -8.187683 -28.634146 1.000000  
0.985574 0.031354 0.166316 0.000000  
0.164180 0.061516 -0.984510 0.000000  
-0.041100 0.997613 0.055481 0.000000  
10.751562 -9.350464 -5.254003 1.000000  
0.999788 0.017853 0.010210 0.000000  
0.011363 -0.065715 -0.997773 0.000000  
-0.017142 0.997678 -0.065904 0.000000  
1.930622 -13.256638 15.330166 1.000000  
0.875418 0.183079 -0.447354 0.000000  
0.481039 -0.239248 0.843422 0.000000  
0.047384 -0.953542 -0.297510 0.000000  
25.344984 155.885483 21.090405 1.000000  
0.328631 -0.943607 -0.040087 0.000000  
0.669188 0.262591 -0.695150 0.000000  
0.666475 0.201622 0.717746 0.000000  
-80.133369 181.433044 -113.575020 1.000000  
0.212164 -0.720710 0.659972 0.000000  
0.621768 -0.421462 -0.660132 0.000000  
0.753917 0.550406 0.358695 0.000000  
-83.438309 108.392822 -119.319557 1.000000  
-0.179265 -0.635994 0.750587 0.000000  
0.383936 -0.747673 -0.541829 0.000000  
0.905790 0.191046 0.378209 0.000000  
-48.640816 161.930786 -137.601379 1.000000  
-0.240819 -0.761984 0.601156 0.000000  
0.901461 -0.405139 -0.152415 0.000000  
0.359687 0.505214 0.784464 0.000000  
58.837265 131.753204 -179.269989 1.000000  
-0.333456 -0.928353 0.164217 0.000000  
0.903909 -0.265326 0.335478 0.000000  
-0.267876 0.260302 0.927628 0.000000  
179.311432 202.751480 -122.389572 1.000000  
-0.913636 -0.395735 -0.093135 0.000000  
0.380608 -0.752080 -0.538064 0.000000  
0.142882 -0.527038 0.837739 0.000000  
215.219406 240.235275 -61.749321 1.000000  
-0.451478 0.361149 -0.815936 0.000000  
0.374582 -0.753240 -0.540665 0.000000  
-0.809847 -0.549726 0.204788 0.000000  
288.275116 98.906158 184.321472 1.000000  
0.589889 0.665971 -0.456644 0.000000  
0.420415 -0.736113 -0.530462 0.000000  
-0.689406 0.120933 -0.714203 0.000000  
58.817139 -75.848579 267.797546 1.000000  
-0.914609 -0.388517 -0.112052 0.000000  
0.385271 -0.753198 -0.533159 0.000000  
0.122741 -0.530798 0.838558 0.000000  
218.936707 239.386612 -58.116962 1.000000  
-0.414996 0.374557 -0.829155 0.000000  
0.376756 -0.758776 -0.531332 0.000000  
-0.828148 -0.532883 0.173769 0.000000  
284.665588 93.829323 191.745880 1.000000  
0.645715 0.628606 -0.433495 0.000000  
0.374654 -0.755492 -0.537463 0.000000  
-0.665347 0.184637 -0.723335 0.000000  
46.170525 -78.096748 264.845581 1.000000  
-0.701579 0.238105 -0.671634 0.000000  
-0.712053 -0.197618 0.673742 0.000000  
0.027694 0.950922 0.308188 0.000000  
-21.471197 157.519043 14.432235 1.000000  
0.331602 0.752296 0.569290 0.000000  
0.257692 0.508259 -0.821747 0.000000  
-0.907543 0.419194 -0.025321 0.000000  
122.568909 132.981476 32.891647 1.000000  
0.373793 0.911976 -0.169050 0.000000  
0.048680 -0.201300 -0.978319 0.000000  
-0.926233 0.357460 -0.119640 0.000000  
132.844788 169.163696 -20.147089 1.000000  
0.024538 0.690493 -0.722919 0.000000  
0.173622 -0.715093 -0.677124 0.000000  
-0.984509 -0.108901 -0.137432 0.000000  
89.401314 223.050720 -103.194977 1.000000  
0.191964 0.878040 -0.438393 0.000000  
-0.569085 -0.264342 -0.778629 0.000000  
-0.799563 0.398952 0.448939 0.000000  
76.669952 170.714523 -159.282867 1.000000  
-0.125480 0.971020 -0.203393 0.000000  
-0.860601 -0.208537 -0.464628 0.000000  
-0.493586 0.116742 0.861830 0.000000  
-32.214382 234.342316 -184.040253 1.000000  
-0.785700 0.310284 -0.535153 0.000000  
0.174745 -0.718543 -0.673171 0.000000  
-0.593415 -0.622431 0.510342 0.000000  
-125.053329 241.005341 -179.120819 1.000000  
-0.939062 -0.328572 0.100957 0.000000  
0.179556 -0.719355 -0.671034 0.000000  
0.293104 -0.612024 0.734525 0.000000  
-304.935883 116.698410 -95.156624 1.000000  
-0.304903 -0.705096 0.640211 0.000000  
0.155873 -0.700102 -0.696821 0.000000  
