2330  
71 
1.000000 0.000000 0.000000 0.000000  
0.000000 1.000000 0.000000 0.000000  
0.000000 0.000000 1.000000 0.000000  
0.000000 0.000000 0.000000 1.000000  
1.000000 0.000000 0.000000 0.000000  
0.000000 0.000000 -1.000000 0.000000  
0.000000 1.000000 0.000000 0.000000  
0.000000 0.000001 0.000000 1.000000  
0.000000 1.000000 0.000000 0.000000  
0.000000 -0.000000 1.000000 0.000000  
1.000000 0.000000 -0.000000 0.000000  
0.000001 0.000001 6.479099 1.000000  
0.881438 0.050164 0.469628 0.000000  
0.470930 -0.169023 -0.865827 0.000000  
0.035945 0.984335 -0.172607 0.000000  
-3.910075 -7.927765 15.105648 1.000000  
0.845739 0.322699 0.424959 0.000000  
0.518199 -0.306780 -0.798345 0.000000  
-0.127256 0.895405 -0.426679 0.000000  
11.356801 -6.411987 38.618935 1.000000  
0.847199 0.343520 0.405277 0.000000  
0.338811 0.238238 -0.910192 0.000000  
-0.409221 0.908426 0.085446 0.000000  
26.883354 -7.237141 10.506699 1.000000  
0.928944 -0.000018 0.370221 0.000000  
0.370221 -0.000344 -0.928943 0.000000  
0.000144 1.000000 -0.000314 0.000000  
15.477551 0.000914 13.381285 1.000000  
0.928948 -0.000000 0.370211 0.000000  
0.370211 0.000000 -0.928948 0.000000  
0.000000 1.000000 -0.000000 0.000000  
15.477974 0.005365 13.380049 1.000000  
-0.012781 0.997287 -0.072497 0.000000  
-0.464073 0.058305 0.883876 0.000000  
0.885705 0.044941 0.462069 0.000000  
0.016176 79.571190 -1.609694 1.000000  
0.910285 0.003704 0.413965 0.000000  
0.412425 -0.094735 -0.906052 0.000000  
0.035861 0.995496 -0.087763 0.000000  
-3.925253 -9.083633 6.243397 1.000000  
0.940355 -0.054848 0.335744 0.000000  
0.336687 0.008685 -0.941576 0.000000  
0.048728 0.998457 0.026633 0.000000  
-5.341629 -9.551880 -7.100070 1.000000  
0.966568 -0.088588 0.240623 0.000000  
0.249888 0.115099 -0.961410 0.000000  
0.057474 0.989396 0.133388 0.000000  
-6.234289 -8.665977 -20.447441 1.000000  
0.057845 0.996707 0.056823 0.000000  
-0.162941 -0.046729 0.985529 0.000000  
0.984939 -0.066267 0.159702 0.000000  
4.250869 134.685730 -9.789135 1.000000  
0.989469 -0.034695 0.140524 0.000000  
0.144549 0.186499 -0.971763 0.000000  
0.007507 0.981843 0.189551 0.000000  
2.723923 -8.249420 -28.417118 1.000000  
0.985632 0.031236 0.165994 0.000000  
0.163946 0.059518 -0.984672 0.000000  
-0.040637 0.997738 0.053542 0.000000  
10.699413 -9.370071 -5.036829 1.000000  
0.999799 0.017423 0.009911 0.000000  
0.011069 -0.067669 -0.997646 0.000000  
-0.016712 0.997556 -0.067849 0.000000  
1.882184 -13.232117 15.557247 1.000000  
0.875381 0.181811 -0.447943 0.000000  
0.481155 -0.237816 0.843761 0.000000  
0.046877 -0.954143 -0.295659 0.000000  
25.374069 155.910461 20.980831 1.000000  
0.326966 -0.944235 -0.038904 0.000000  
0.670607 0.260827 -0.694446 0.000000  
0.665868 0.200971 0.718492 0.000000  
-79.918617 181.574753 -113.920593 1.000000  
0.210241 -0.721714 0.659490 0.000000  
0.622182 -0.421559 -0.659680 0.000000  
0.754114 0.549015 0.360408 0.000000  
-83.325012 108.677055 -119.668983 1.000000  
-0.181209 -0.636580 0.749623 0.000000  
0.383745 -0.747585 -0.542086 0.000000  
0.905484 0.189433 0.379751 0.000000  
-48.429962 162.189026 -137.840759 1.000000  
-0.243357 -0.762536 0.599433 0.000000  
0.901526 -0.405807 -0.150235 0.000000  
0.357812 0.503843 0.786202 0.000000  
59.409554 131.957336 -179.399567 1.000000  
-0.334668 -0.928480 0.161004 0.000000  
0.902316 -0.266473 0.338841 0.000000  
-0.271708 0.258674 0.926969 0.000000  
179.963196 202.920212 -121.850677 1.000000  
-0.914303 -0.393355 -0.096606 0.000000  
0.380404 -0.751985 -0.538342 0.000000  
0.139109 -0.528952 0.837167 0.000000  
215.787018 240.003296 -61.171638 1.000000  
-0.446530 0.364882 -0.816998 0.000000  
0.374375 -0.753123 -0.540971 0.000000  
-0.812682 -0.547416 0.199685 0.000000  
287.606201 97.697609 185.206177 1.000000  
0.595654 0.664840 -0.450772 0.000000  
0.420294 -0.736200 -0.530436 0.000000  
-0.684506 0.126499 -0.717942 0.000000  
56.674721 -76.631805 267.059387 1.000000  
-0.915330 -0.385506 -0.116479 0.000000  
0.385067 -0.753118 -0.533421 0.000000  
0.117911 -0.533103 0.837788 0.000000  
219.692719 239.104401 -57.329819 1.000000  
-0.408044 0.379410 -0.830399 0.000000  
0.376503 -0.758680 -0.531650 0.000000  
-0.831710 -0.529576 0.166723 0.000000  
283.739471 92.243088 192.988708 1.000000  
0.653433 0.626476 -0.424930 0.000000  
0.374460 -0.755352 -0.537796 0.000000  
-0.657880 0.192293 -0.728154 0.000000  
43.225777 -79.030075 263.760834 1.000000  
-0.701651 0.237108 -0.671912 0.000000  
-0.711963 -0.195981 0.674315 0.000000  
0.028203 0.951510 0.306322 0.000000  
-21.443144 157.552002 14.331853 1.000000  
0.331606 0.753370 0.567865 0.000000  
0.256470 0.507266 -0.822742 0.000000  
-0.907888 0.418466 -0.025004 0.000000  
122.669739 133.173508 32.651207 1.000000  
0.373228 0.911955 -0.170406 0.000000  
0.047840 -0.202353 -0.978144 0.000000  
-0.926505 0.356918 -0.119152 0.000000  
132.872284 169.217636 -20.426977 1.000000  
0.023546 0.689709 -0.723700 0.000000  
0.173296 -0.715759 -0.676503 0.000000  
-0.984591 -0.109487 -0.136377 0.000000  
89.326065 222.994171 -103.492722 1.000000  
0.190133 0.877901 -0.439468 0.000000  
-0.571239 -0.265133 -0.776781 0.000000  
-0.798463 0.398733 0.451085 0.000000  
76.244949 170.694855 -159.799332 1.000000  
-0.127470 0.970957 -0.202455 0.000000  
-0.862527 -0.209299 -0.460698 0.000000  
-0.489699 0.115901 0.864158 0.000000  
-33.128548 234.440247 -184.217697 1.000000  
-0.788210 0.307398 -0.533123 0.000000  
0.174423 -0.719189 -0.672565 0.000000  
-0.590171 -0.623117 0.513259 0.000000  
-125.971466 240.582062 -179.222214 1.000000  
-0.936943 -0.332744 0.106813 0.000000  
0.179261 -0.719982 -0.670441 0.000000  
0.299986 -0.609026 0.734239 0.000000  
-305.583496 115.403069 -93.980515 1.000000  
-0.295124 -0.705421 0.644421 0.000000  
0.155182 -0.700898 -0.696175 0.000000  
0.942774 -0.105459 0.316325 0.000000  
-285.572113 -44.681511 84.712364 1.000000  
-0.848708 0.239264 -0.471631 0.000000  
0.169409 -0.721811 -0.671036 0.000000  
-0.500992 -0.649419 0.572078 0.000000  
-152.381927 232.411224 -177.832458 1.000000  
-0.850396 -0.451582 0.269979 0.000000  
0.174503 -0.726180 -0.664989 0.000000  
0.496353 -0.518400 0.696353 0.000000  
-321.845551 78.091705 -57.101631 1.000000  
0.020701 -0.675056 0.737465 0.000000  
0.179696 -0.723105 -0.666955 0.000000  
0.983513 0.146328 0.106338 0.000000  
-231.031342 -78.821587 135.698730 1.000000  
0.865377 -0.193508 0.462252 0.000000  
0.384077 -0.336385 -0.859843 0.000000  
0.321881 0.921629 -0.216779 0.000000  
-29.529112 -7.995491 18.836548 1.000000  
0.847551 -0.229846 0.478361 0.000000  
0.522353 0.520647 -0.675332 0.000000  
-0.093835 0.822252 0.561335 0.000000  
-6.718643 -2.708904 -23.948179 1.000000  
0.743146 -0.000000 0.669130 0.000000  
0.669130 0.000001 -0.743145 0.000000  
-0.000000 1.000000 0.000001 0.000000  
-11.761795 0.000013 -6.218554 1.000000  
0.743146 -0.000000 0.669130 0.000000  
0.669130 0.000001 -0.743145 0.000000  
-0.000000 1.000000 0.000001 0.000000  
-11.761795 0.000019 -6.218562 1.000000  
0.000000 1.000000 0.000000 0.000000  
-0.370211 0.000000 0.928948 0.000000  
0.928948 -0.000000 0.370211 0.000000  
35.918461 -0.000002 32.801186 1.000000  
0.000000 1.000000 0.000000 0.000000  
-0.669130 0.000000 0.743146 0.000000  
0.743146 -0.000000 0.669130 0.000000  
-38.228195 0.000000 -15.946484 1.000000  
0.166569 -0.713445 0.680625 0.000000  
-0.632824 0.452004 0.628670 0.000000  
-0.756167 -0.535433 -0.376195 0.000000  
77.504814 128.627075 -1.861741 1.000000  
0.342668 -0.936539 -0.073987 0.000000  
-0.658230 -0.295537 0.692381 0.000000  
-0.670308 -0.188556 -0.717729 0.000000  
64.545441 164.046082 0.936386 1.000000  
-0.309899 -0.739599 -0.597458 0.000000  
-0.268334 -0.534813 0.801232 0.000000  
-0.912118 0.408619 -0.032721 0.000000  
-52.840462 168.162064 -15.734735 1.000000  
-0.355660 -0.909241 0.216302 0.000000  
-0.028819 0.241993 0.969850 0.000000  
-0.934171 0.338703 -0.112271 0.000000  
-64.560547 140.191147 -38.330048 1.000000  
-0.002674 0.966301 0.257401 0.000000  
-0.144719 -0.255066 0.956032 0.000000  
0.989469 -0.034695 0.140524 0.000000  
5.818840 161.702911 -8.248871 1.000000  
-0.016712 0.997556 -0.067849 0.000000  
-0.011071 0.067669 0.997646 0.000000  
0.999799 0.017423 0.009913 0.000000  
-1.346486 161.339767 34.365444 1.000000  
0.035945 0.984335 -0.172607 0.000000  
-0.470930 0.169023 0.865827 0.000000  
0.881438 0.050163 0.469628 0.000000  
0.000001 79.129250 -1.532129 1.000000  
-0.287195 -0.632633 0.719236 0.000000  
0.882050 0.118120 0.456104 0.000000  
-0.373503 0.765393 0.524090 0.000000  
86.192749 91.415054 33.638466 1.000000  
0.077004 -0.654390 0.752223 0.000000  
-0.980956 -0.184668 -0.060231 0.000000  
0.178326 -0.733259 -0.656148 0.000000  
-83.111145 92.766754 -27.048134 1.000000  
-0.916750 -0.195248 0.348501 0.000000  
0.245867 0.411804 0.877478 0.000000  
-0.314838 0.890109 -0.329514 0.000000  
73.031914 102.491806 49.075703 1.000000  
-0.808518 -0.467733 -0.357114 0.000000  
-0.432121 0.059944 0.899824 0.000000  
-0.399467 0.881832 -0.250581 0.000000  
61.962914 100.134346 53.283562 1.000000  
-0.920091 -0.368809 -0.131998 0.000000  
0.101404 -0.549736 0.829156 0.000000  
-0.378363 0.749513 0.543205 0.000000  
71.145210 80.958740 65.615814 1.000000  
-0.407276 0.382665 -0.829282 0.000000  
-0.828891 -0.536121 0.159695 0.000000  
-0.383485 0.752423 0.535536 0.000000  
62.625370 77.543655 64.393547 1.000000  
0.682620 0.615693 -0.393654 0.000000  
-0.612834 0.188860 -0.767306 0.000000  
-0.398079 0.765022 0.506236 0.000000  
58.911831 81.032791 56.832157 1.000000  
0.468008 -0.358723 0.807640 0.000000  
-0.771529 0.279813 0.571365 0.000000  
-0.430948 -0.890516 -0.145810 0.000000  
-83.138863 103.968674 -6.831083 1.000000  
0.822410 -0.503558 0.264702 0.000000  
-0.356630 -0.093828 0.929526 0.000000  
-0.443234 -0.858851 -0.256749 0.000000  
-77.488052 99.637390 2.920498 1.000000  
0.812808 -0.278900 0.511419 0.000000  
-0.554399 -0.639895 0.532153 0.000000  
0.178836 -0.716068 -0.674733 0.000000  
-83.137360 81.086723 7.907337 1.000000  
0.924199 0.353539 -0.144408 0.000000  
0.342219 -0.598848 0.724074 0.000000  
0.169509 -0.718606 -0.674441 0.000000  
-75.610931 78.504173 12.642962 1.000000  
0.199097 0.682264 -0.703469 0.000000  
0.970393 -0.037069 0.238692 0.000000  
0.136774 -0.730163 -0.669443 0.000000  
-67.184097 81.727737 11.326246 1.000000  
0.870506 -0.202332 0.448634 0.000000  
-0.458775 -0.663607 0.590899 0.000000  
0.178159 -0.720202 -0.670498 0.000000  
-79.328476 66.033752 -5.725859 1.000000  
0.822381 0.480658 -0.304375 0.000000  
0.541626 -0.497693 0.677465 0.000000  
0.174144 -0.721991 -0.669629 0.000000  
-72.046448 64.341194 -1.972912 1.000000  
-0.124850 0.652599 -0.747334 0.000000  
0.976796 0.213001 0.022816 0.000000  
0.174072 -0.727144 -0.664049 0.000000  
-65.799210 67.992523 -4.285102 1.000000  
-0.922814 -0.353752 -0.152591 0.000000  
0.075582 -0.554611 0.828665 0.000000  
-0.377770 0.753170 0.538540 0.000000  
78.775192 65.198441 54.645046 1.000000  
-0.364629 0.409281 -0.836391 0.000000  
-0.850091 -0.512854 0.119641 0.000000  
-0.379980 0.754632 0.534927 0.000000  
71.055595 62.239208 53.368580 1.000000  
0.721462 0.599261 -0.346972 0.000000  
-0.582018 0.253301 -0.772713 0.000000  
-0.375168 0.759426 0.531528 0.000000  
68.285683 65.348320 47.014915 1.000000  
1.000000 0.000000 0.000000 0.000000  
0.000000 1.000000 0.000000 0.000000  
0.000000 0.000000 1.000000 0.000000  
0.000000 0.000000 0.000000 1.000000  
1.000000 0.000000 0.000000 0.000000  
0.000000 0.000000 -1.000000 0.000000  
0.000000 1.000000 0.000000 0.000000  
0.000000 0.000001 0.000000 1.000000  
0.000000 1.000000 0.000000 0.000000  
0.000000 -0.000000 1.000000 0.000000  
1.000000 0.000000 -0.000000 0.000000  
0.000001 0.000001 6.479099 1.000000  
0.882073 0.049093 0.468547 0.000000  
0.469814 -0.165451 -0.867122 0.000000  
0.034952 0.984995 -0.169005 0.000000  
-3.820251 -8.102859 14.788080 1.000000  
0.845853 0.323272 0.424297 0.000000  
0.518609 -0.312274 -0.795946 0.000000  
-0.124810 0.893298 -0.431789 0.000000  
11.151740 -6.367294 39.058449 1.000000  
0.847318 0.344440 0.404245 0.000000  
0.335821 0.242190 -0.910257 0.000000  
-0.411432 0.907031 0.089542 0.000000  
26.934891 -7.233578 10.440924 1.000000  
0.928953 0.000000 0.370199 0.000000  
0.370198 -0.000348 -0.928952 0.000000  
0.000129 1.000000 -0.000323 0.000000  
15.478462 0.001989 13.381577 1.000000  
0.928957 0.000018 0.370189 0.000000  
0.370189 -0.000003 -0.928956 0.000000  
-0.000016 1.000000 -0.000010 0.000000  
15.478888 0.006439 13.380339 1.000000  
-0.013657 0.997541 -0.068750 0.000000  
-0.462859 0.054640 0.884747 0.000000  
0.886327 0.043904 0.460974 0.000000  
0.015730 79.460472 -1.608077 1.000000  
0.910836 0.002898 0.412759 0.000000  
0.411295 -0.090816 -0.906967 0.000000  
0.034857 0.995863 -0.083911 0.000000  
-3.834312 -9.228111 5.899819 1.000000  
0.940812 -0.055274 0.334391 0.000000  
0.335552 0.012984 -0.941932 0.000000  
0.047722 0.998387 0.030762 0.000000  
-5.250508 -9.645569 -7.476708 1.000000  
0.966915 -0.088580 0.239228 0.000000  
0.248765 0.119696 -0.961140 0.000000  
0.056503 0.988851 0.137772 0.000000  
-6.147495 -8.700798 -20.857471 1.000000  
0.056813 0.996491 0.061476 0.000000  
-0.161963 -0.051560 0.985449 0.000000  
0.985160 -0.065943 0.158465 0.000000  
4.187976 134.613297 -9.566149 1.000000  
0.989637 -0.034330 0.139425 0.000000  
0.143434 0.191291 -0.970997 0.000000  
0.006663 0.980933 0.194233 0.000000  
2.791105 -8.232590 -28.876888 1.000000  
0.985756 0.031474 0.165213 0.000000  
0.162951 0.064393 -0.984531 0.000000  
-0.041626 0.997428 0.058347 0.000000  
10.789895 -9.456604 -5.509745 1.000000  
0.999789 0.018422 0.009052 0.000000  
0.010194 -0.062891 -0.997968 0.000000  
-0.017816 0.997850 -0.063066 0.000000  
1.996217 -13.426163 15.073948 1.000000  
0.874767 0.184865 -0.447893 0.000000  
0.482202 -0.241340 0.842162 0.000000  
0.047591 -0.952670 -0.300259 0.000000  
25.316896 155.713058 21.283487 1.000000  
0.329653 -0.943177 -0.041785 0.000000  
0.668301 0.264384 -0.695324 0.000000  
0.666861 0.201291 0.717481 0.000000  
-80.307732 181.350647 -113.256653 1.000000  
0.211893 -0.721092 0.659641 0.000000  
0.621345 -0.421585 -0.660451 0.000000  
0.754342 0.549810 0.358716 0.000000  
-83.500374 108.462166 -119.181969 1.000000  
-0.179461 -0.636173 0.750388 0.000000  
0.383344 -0.747698 -0.542213 0.000000  
0.906001 0.190351 0.378054 0.000000  
-48.674973 161.986038 -137.452057 1.000000  
-0.241778 -0.762281 0.600395 0.000000  
0.901556 -0.405271 -0.151500 0.000000  
0.358806 0.504660 0.785224 0.000000  
59.114323 131.801636 -179.175171 1.000000  
-0.333726 -0.928603 0.162243 0.000000  
0.903090 -0.265587 0.337474 0.000000  
-0.270295 0.259142 0.927251 0.000000  
179.716248 202.891647 -121.884842 1.000000  
-0.914187 -0.394076 -0.094749 0.000000  
0.380013 -0.752098 -0.538460 0.000000  
0.140930 -0.528254 0.837303 0.000000  
215.618027 240.043610 -61.294144 1.000000  
-0.448198 0.363980 -0.816487 0.000000  
0.373981 -0.753242 -0.541078 0.000000  
-0.811945 -0.547853 0.201476 0.000000  
287.963562 97.965240 185.060883 1.000000  
0.594401 0.664943 -0.452273 0.000000  
0.419906 -0.736279 -0.530635 0.000000  
-0.685833 0.125498 -0.716851 0.000000  
57.298271 -76.470467 267.436523 1.000000  
-0.915254 -0.386242 -0.114626 0.000000  
0.384685 -0.753223 -0.533547 0.000000  
0.119736 -0.532421 0.837963 0.000000  
219.531006 239.150269 -57.458405 1.000000  
-0.409746 0.378526 -0.829964 0.000000  
0.376128 -0.758791 -0.531757 0.000000  
-0.831043 -0.530050 0.168534 0.000000  
284.114136 92.513542 192.853958 1.000000  
0.652251 0.626638 -0.426503 0.000000  
0.374072 -0.755468 -0.537902 0.000000  
-0.659271 0.191303 -0.727156 0.000000  
43.845387 -78.880653 264.162842 1.000000  
-0.702534 0.239580 -0.670110 0.000000  
-0.711119 -0.199945 0.674041 0.000000  
0.027501 0.950065 0.310838 0.000000  
-21.508282 157.337357 14.686543 1.000000  
0.332443 0.752225 0.568894 0.000000  
0.257251 0.508004 -0.822043 0.000000  
-0.907361 0.419631 -0.024628 0.000000  
122.512589 132.788300 33.072884 1.000000  
0.373978 0.911299 -0.172262 0.000000  
0.046715 -0.204013 -0.977853 0.000000  
-0.926260 0.357648 -0.118868 0.000000  
132.782532 168.989258 -20.263561 1.000000  
0.023552 0.688491 -0.724859 0.000000  
0.171943 -0.717047 -0.675485 0.000000  
-0.984828 -0.108726 -0.135269 0.000000  
89.211739 222.672333 -103.376869 1.000000  
0.190595 0.876985 -0.441095 0.000000  
-0.572236 -0.265841 -0.775804 0.000000  
-0.797639 0.400276 0.451179 0.000000  
76.025253 170.293335 -159.584824 1.000000  
-0.126691 0.970749 -0.203936 0.000000  
-0.863170 -0.209196 -0.459540 0.000000  
-0.488768 0.117815 0.864426 0.000000  
-33.307510 234.107819 -184.005280 1.000000  
-0.788406 0.307307 -0.532887 0.000000  
0.173070 -0.720471 -0.671541 0.000000  
-0.590309 -0.621679 0.514841 0.000000  
-126.139511 240.350769 -178.932510 1.000000  
-0.937174 -0.331630 0.108244 0.000000  
0.177910 -0.721265 -0.669421 0.000000  
0.300070 -0.608115 0.734960 0.000000  
-305.796082 115.492264 -93.315323 1.000000  
-0.295221 -0.704062 0.645862 0.000000  
0.153825 -0.702200 -0.695164 0.000000  
0.942967 -0.105881 0.315611 0.000000  
-285.776031 -44.317451 85.622498 1.000000  
-0.848914 0.239335 -0.471226 0.000000  
0.168054 -0.723085 -0.670004 0.000000  
-0.501101 -0.647973 0.573620 0.000000  
-152.556793 232.208649 -177.504440 1.000000  
-0.850592 -0.450285 0.271525 0.000000  
0.173150 -0.727450 -0.663954 0.000000  
0.496491 -0.517748 0.696740 0.000000  
-322.060608 78.258026 -56.359634 1.000000  
0.020722 -0.673859 0.738558 0.000000  
0.178344 -0.724383 -0.665930 0.000000  
0.983759 0.145519 0.105170 0.000000  
-231.221283 -78.428017 136.613785 1.000000  
0.866323 -0.193565 0.460452 0.000000  
0.381884 -0.337505 -0.860380 0.000000  
0.321945 0.921207 -0.218469 0.000000  
-29.523907 -8.042938 18.969971 1.000000  
0.848456 -0.230102 0.476631 0.000000  
0.520789 0.523506 -0.674329 0.000000  
-0.094354 0.820363 0.564005 0.000000  
-6.681524 -2.676537 -24.054663 1.000000  
0.743151 -0.000002 0.669124 0.000000  
0.669124 -0.000001 -0.743151 0.000000  
0.000002 1.000000 0.000000 0.000000  
-11.762053 0.000368 -6.218416 1.000000  
0.743152 -0.000002 0.669124 0.000000  
0.669124 -0.000001 -0.743151 0.000000  
0.000002 1.000000 0.000000 0.000000  
-11.762054 0.000370 -6.218423 1.000000  
0.000000 1.000000 0.000000 0.000000  
-0.370211 0.000000 0.928948 0.000000  
0.928948 -0.000000 0.370211 0.000000  
35.918461 -0.000002 32.801186 1.000000  
0.000000 1.000000 0.000000 0.000000  
-0.669130 0.000000 0.743146 0.000000  
0.743146 -0.000000 0.669130 0.000000  
-38.228195 0.000000 -15.946484 1.000000  
0.168268 -0.712846 0.680836 0.000000  
-0.632054 0.451991 0.629453 0.000000  
-0.756435 -0.536242 -0.374502 0.000000  
77.517578 128.612900 -1.667141 1.000000  
0.345248 -0.935354 -0.076921 0.000000  
-0.655815 -0.299071 0.693155 0.000000  
-0.671350 -0.188864 -0.716673 0.000000  
64.459724 163.987579 1.240888 1.000000  
-0.310733 -0.738433 -0.598465 0.000000  
-0.269150 -0.535505 0.800495 0.000000  
-0.911594 0.409817 -0.032350 0.000000  
-52.946342 168.059830 -15.299610 1.000000  
-0.356375 -0.908521 0.218141 0.000000  
-0.027657 0.243625 0.969475 0.000000  
-0.933933 0.339464 -0.111949 0.000000  
-64.697968 140.132874 -37.933125 1.000000  
-0.003459 0.965058 0.262014 0.000000  
-0.143544 -0.259782 0.954939 0.000000  
0.989638 -0.034307 0.139427 0.000000  
5.726889 161.626511 -7.900062 1.000000  
-0.016423 0.997897 -0.062706 0.000000  
-0.010148 0.062545 0.997990 0.000000  
0.999814 0.017026 0.009099 0.000000  
-1.397890 161.052231 34.719990 1.000000  
0.034952 0.984995 -0.169005 0.000000  
-0.469814 0.165451 0.867122 0.000000  
0.882073 0.049093 0.468547 0.000000  
0.000001 79.018227 -1.532129 1.000000  
-0.285486 -0.632333 0.720179 0.000000  
0.882757 0.119077 0.454485 0.000000  
-0.373142 0.765492 0.524201 0.000000  
86.294022 91.432114 33.844265 1.000000  
0.077045 -0.653230 0.753227 0.000000  
-0.981201 -0.183764 -0.059004 0.000000  
0.176959 -0.734520 -0.655107 0.000000  
-83.286407 92.745811 -26.555603 1.000000  
-0.916002 -0.195662 0.350233 0.000000  
0.247096 0.412598 0.876759 0.000000  
-0.316052 0.889650 -0.329592 0.000000  
73.152084 102.510300 49.296600 1.000000  
-0.808801 -0.468566 -0.355378 0.000000  
-0.430598 0.060267 0.900533 0.000000  
-0.400537 0.881368 -0.250505 0.000000  
62.092091 100.147842 53.525391 1.000000  
-0.920053 -0.369563 -0.130137 0.000000  
0.103242 -0.549079 0.829364 0.000000  
-0.377958 0.749623 0.543336 0.000000  
71.309631 80.987503 65.855225 1.000000  
-0.408994 0.381788 -0.828841 0.000000  
-0.828225 -0.536604 0.161515 0.000000  
-0.383095 0.752524 0.535673 0.000000  
62.790096 77.565430 64.650192 1.000000  
0.681490 0.615907 -0.395274 0.000000  
-0.614304 0.187878 -0.766371 0.000000  
-0.397749 0.765092 0.506391 0.000000  
59.060886 81.046570 57.092785 1.000000  
0.468404 -0.357870 0.807789 0.000000  
-0.770704 0.281541 0.571629 0.000000  
-0.431993 -0.890315 -0.143936 0.000000  
-83.283630 103.981102 -6.356898 1.000000  
0.822146 -0.503961 0.264754 0.000000  
-0.355846 -0.091935 0.930015 0.000000  
-0.444351 -0.858819 -0.254916 0.000000  
-77.628036 99.660110 3.396498 1.000000  
0.813007 -0.278886 0.511111 0.000000  
-0.554547 -0.638452 0.533729 0.000000  
0.177470 -0.717360 -0.673721 0.000000  
-83.291603 81.123360 8.419217 1.000000  
0.924420 0.352360 -0.145865 0.000000  
0.342296 -0.598001 0.724737 0.000000  
0.168141 -0.719890 -0.673415 0.000000  
-75.763336 78.540932 13.151991 1.000000  
0.199129 0.680901 -0.704779 0.000000  
0.970580 -0.037666 0.237839 0.000000  
0.135398 -0.731404 -0.668368 0.000000  
-67.334435 81.753761 11.822001 1.000000  
0.870723 -0.202480 0.448145 0.000000  
-0.458891 -0.662165 0.592425 0.000000  
0.176792 -0.721487 -0.669478 0.000000  
-79.510941 66.044006 -5.192852 1.000000  
0.822580 0.479319 -0.305945 0.000000  
0.541762 -0.497125 0.677773 0.000000  
0.172777 -0.723271 -0.668601 0.000000  
-72.227089 64.350212 -1.443992 1.000000  
-0.124888 0.651496 -0.748290 0.000000  
0.977034 0.212039 0.021546 0.000000  
0.172704 -0.728414 -0.663014 0.000000  
-65.978287 67.991379 -3.768103 1.000000  
-0.922823 -0.354523 -0.150737 0.000000  
0.077423 -0.553973 0.828922 0.000000  
-0.377375 0.753277 0.538667 0.000000  
78.931831 65.224953 54.882290 1.000000  
-0.366379 0.408429 -0.836043 0.000000  
-0.849511 -0.513381 0.121481 0.000000  
-0.379592 0.754735 0.535057 0.000000  
71.212128 62.259266 53.621338 1.000000  
0.720425 0.599536 -0.348648 0.000000  
-0.583544 0.252338 -0.771877 0.000000  
-0.374790 0.759530 0.531646 0.000000  
68.428917 65.361908 47.270290 1.000000  
1.000000 0.000000 0.000000 0.000000  
0.000000 1.000000 0.000000 0.000000  
0.000000 0.000000 1.000000 0.000000  
0.000000 0.000000 0.000000 1.000000  
1.000000 0.000000 0.000000 0.000000  
0.000000 0.000000 -1.000000 0.000000  
0.000000 1.000000 0.000000 0.000000  
0.000000 0.000001 0.000000 1.000000  
0.000000 1.000000 0.000000 0.000000  
0.000000 -0.000000 1.000000 0.000000  
1.000000 0.000000 -0.000000 0.000000  
0.000001 0.000001 6.479099 1.000000  
0.882668 0.048090 0.467529 0.000000  
0.468763 -0.162103 -0.868323 0.000000  
0.034030 0.985601 -0.165626 0.000000  
-3.736852 -8.265617 14.490183 1.000000  
0.845972 0.323833 0.423633 0.000000  
0.518959 -0.317452 -0.793666 0.000000  
-0.122532 0.891267 -0.436611 0.000000  
10.960669 -6.320854 39.474174 1.000000  
0.847439 0.345330 0.403232 0.000000  
0.332934 0.245928 -0.910315 0.000000  
-0.413525 0.905686 0.093437 0.000000  
26.984631 -7.226654 10.378130 1.000000  
0.928977 0.000048 0.370138 0.000000  
0.370138 -0.000356 -0.928977 0.000000  
0.000087 1.000000 -0.000349 0.000000  
15.480650 0.005690 13.382219 1.000000  
0.928981 0.000066 0.370128 0.000000  
0.370128 -0.000011 -0.928981 0.000000  
-0.000057 1.000000 -0.000036 0.000000  
15.481071 0.010138 13.380985 1.000000  
-0.014468 0.997765 -0.065238 0.000000  
-0.461717 0.051206 0.885549 0.000000  
0.886910 0.042933 0.459944 0.000000  
0.015317 79.356888 -1.606561 1.000000  
0.911351 0.002143 0.411625 0.000000  
0.410230 -0.087146 -0.907809 0.000000  
0.033926 0.996193 -0.080299 0.000000  
-3.750000 -9.361961 5.577739 1.000000  
0.941239 -0.055673 0.333120 0.000000  
0.334483 0.017008 -0.942248 0.000000  
0.046792 0.998304 0.034631 0.000000  
-5.166211 -9.731567 -7.829434 1.000000  
0.967238 -0.088573 0.237920 0.000000  
0.247708 0.123997 -0.960867 0.000000  
0.055606 0.988322 0.141875 0.000000  
-6.067421 -8.731400 -21.241058 1.000000  
0.055858 0.996266 0.065831 0.000000  
-0.161041 -0.056081 0.985354 0.000000  
0.985366 -0.065642 0.157307 0.000000  
4.129614 134.544662 -9.357081 1.000000  
0.989794 -0.033991 0.138394 0.000000  
0.142386 0.195770 -0.970258 0.000000  
0.005886 0.980061 0.198612 0.000000  
2.852702 -8.214539 -29.306650 1.000000  
0.985871 0.031694 0.164480 0.000000  
0.162014 0.068953 -0.984377 0.000000  
-0.042540 0.997116 0.062844 0.000000  
10.873430 -9.535294 -5.952249 1.000000  
0.999779 0.019354 0.008250 0.000000  
0.009368 -0.058418 -0.998249 0.000000  
-0.018838 0.998105 -0.058587 0.000000  
2.101912 -13.605362 14.621225 1.000000  
0.874189 0.187716 -0.447836 0.000000  
0.483183 -0.244635 0.840647 0.000000  
0.048247 -0.951271 -0.304559 0.000000  
25.264315 155.526947 21.566545 1.000000  
0.332150 -0.942177 -0.044474 0.000000  
0.666141 0.267697 -0.696128 0.000000  
0.667782 0.201594 0.716539 0.000000  
-80.668533 181.138184 -112.636414 1.000000  
0.213427 -0.720504 0.659790 0.000000  
0.620566 -0.421623 -0.661160 0.000000  
0.754551 0.550552 0.357135 0.000000  
-83.662430 108.259651 -118.726913 1.000000  
-0.177839 -0.635782 0.751105 0.000000  
0.382971 -0.747812 -0.542319 0.000000  
0.906479 0.191206 0.376473 0.000000  
-48.901764 161.794067 -137.089050 1.000000  
-0.240311 -0.762032 0.601298 0.000000  
0.901580 -0.404778 -0.152669 0.000000  
0.359728 0.505430 0.784306 0.000000  
58.840603 131.652618 -178.964203 1.000000  
-0.332851 -0.928713 0.163407 0.000000  
0.903804 -0.264760 0.336208 0.000000  
-0.268982 0.259593 0.927507 0.000000  
179.486908 202.861176 -121.915283 1.000000  
-0.914076 -0.394745 -0.093018 0.000000  
0.379648 -0.752212 -0.538558 0.000000  
0.142620 -0.527592 0.837435 0.000000  
215.461090 240.078033 -61.407333 1.000000  
-0.449746 0.363129 -0.816015 0.000000  
0.373613 -0.753362 -0.541166 0.000000  
-0.811258 -0.548252 0.203147 0.000000  
288.294922 98.214912 184.927856 1.000000  
0.593235 0.665028 -0.453675 0.000000  
0.419544 -0.736361 -0.530808 0.000000  
-0.687063 0.124557 -0.715837 0.000000  
57.877422 -76.317154 267.790924 1.000000  
-0.915180 -0.386925 -0.112898 0.000000  
0.384330 -0.753331 -0.533651 0.000000  
0.121430 -0.531772 0.838131 0.000000  
219.380768 239.189911 -57.577290 1.000000  
-0.411325 0.377691 -0.829563 0.000000  
0.375779 -0.758902 -0.531844 0.000000  
-0.830420 -0.530485 0.170224 0.000000  
284.461548 92.766029 192.730698 1.000000  
0.651152 0.626780 -0.427972 0.000000  
0.373711 -0.755585 -0.537988 0.000000  
-0.660561 0.190373 -0.726229 0.000000  
44.420906 -78.738411 264.540466 1.000000  
-0.703361 0.241891 -0.668411 0.000000  
-0.710326 -0.203648 0.673769 0.000000  
0.026858 0.948692 0.315060 0.000000  
-21.568268 157.135223 15.018352 1.000000  
0.333193 0.751162 0.569858 0.000000  
0.257979 0.508699 -0.821385 0.000000  
-0.906879 0.420690 -0.024289 0.000000  
122.366577 132.432159 33.470272 1.000000  
0.374650 0.910694 -0.173993 0.000000  
0.045679 -0.205563 -0.977578 0.000000  
-0.926041 0.358301 -0.118613 0.000000  
132.699326 168.779999 -20.107937 1.000000  
0.023541 0.687351 -0.725941 0.000000  
0.170707 -0.718243 -0.674527 0.000000  
-0.985043 -0.108046 -0.134243 0.000000  
89.104439 222.374146 -103.266022 1.000000  
0.191001 0.876131 -0.442613 0.000000  
-0.573153 -0.266521 -0.774895 0.000000  
-0.796884 0.401691 0.451255 0.000000  
75.821678 169.920471 -159.381592 1.000000  
-0.125994 0.970548 -0.205323 0.000000  
-0.863759 -0.209125 -0.458465 0.000000  
-0.487907 0.119589 0.864669 0.000000  
-33.474808 233.795914 -183.805252 1.000000  
-0.788593 0.307197 -0.532674 0.000000  
0.171835 -0.721662 -0.670580 0.000000  
-0.590420 -0.620351 0.516314 0.000000  
-126.296722 240.130478 -178.661285 1.000000  
-0.937378 -0.330616 0.109572 0.000000  
0.176675 -0.722458 -0.668462 0.000000  
0.300163 -0.607251 0.735636 0.000000  
-305.991089 115.566422 -92.695091 1.000000  
-0.295292 -0.702798 0.647205 0.000000  
0.152586 -0.703410 -0.694214 0.000000  
0.943146 -0.106245 0.314952 0.000000  
-285.959045 -43.985153 86.471710 1.000000  
-0.849109 0.239375 -0.470856 0.000000  
0.166818 -0.724269 -0.669034 0.000000  
-0.501184 -0.646635 0.575056 0.000000  
-152.720093 232.014435 -177.197678 1.000000  
-0.850761 -0.449098 0.272960 0.000000  
0.171915 -0.728629 -0.662982 0.000000  
0.496632 -0.517121 0.697105 0.000000  
-322.256897 78.403915 -55.667786 1.000000  
0.020759 -0.672738 0.739579 0.000000  
0.177110 -0.725570 -0.664967 0.000000  
0.983981 0.144792 0.104089 0.000000  
-231.390533 -78.066269 137.468018 1.000000  
0.867212 -0.193625 0.458753 0.000000  
0.379812 -0.338563 -0.860882 0.000000  
0.322004 0.920807 -0.220064 0.000000  
-29.518908 -8.086838 19.095764 1.000000  
0.849305 -0.230348 0.474997 0.000000  
0.519318 0.526178 -0.673383 0.000000  
-0.094820 0.818582 0.566509 0.000000  
-6.647783 -2.645378 -24.154366 1.000000  
0.743166 -0.000008 0.669108 0.000000  
0.669108 -0.000008 -0.743165 0.000000  
0.000011 1.000000 -0.000001 0.000000  
-11.762802 0.001333 -6.218073 1.000000  
0.743166 -0.000007 0.669108 0.000000  
0.669108 -0.000008 -0.743166 0.000000  
0.000011 1.000000 -0.000001 0.000000  
-11.762800 0.001336 -6.218077 1.000000  
0.000000 1.000000 0.000000 0.000000  
-0.370211 0.000000 0.928948 0.000000  
0.928948 -0.000000 0.370211 0.000000  
35.918461 -0.000002 32.801186 1.000000  
0.000000 1.000000 0.000000 0.000000  
-0.669130 0.000000 0.743146 0.000000  
0.743146 -0.000000 0.669130 0.000000  
-38.228195 0.000000 -15.946484 1.000000  
0.169869 -0.712287 0.681022 0.000000  
-0.631325 0.451973 0.630197 0.000000  
-0.756685 -0.536998 -0.372909 0.000000  
77.529144 128.601105 -1.485588 1.000000  
0.347627 -0.934237 -0.079732 0.000000  
-0.653537 -0.302397 0.693863 0.000000  
-0.672343 -0.189098 -0.715679 0.000000  
64.378639 163.934723 1.525434 1.000000  
-0.311509 -0.737342 -0.599408 0.000000  
-0.269914 -0.536153 0.799804 0.000000  
-0.911103 0.410934 -0.032002 0.000000  
-53.046520 167.965652 -14.892362 1.000000  
-0.357028 -0.907849 0.219866 0.000000  
-0.026576 0.245156 0.969120 0.000000  
-0.933716 0.340160 -0.111655 0.000000  
-64.827461 140.079758 -37.561798 1.000000  
-0.004246 0.963875 0.266320 0.000000  
-0.142431 -0.264191 0.953896 0.000000  
0.989796 -0.033882 0.138407 0.000000  
5.639920 161.556595 -7.573831 1.000000  
-0.015390 0.998211 -0.057775 0.000000  
-0.009260 0.057637 0.998295 0.000000  
0.999839 0.015898 0.008357 0.000000  
-1.446987 160.784714 35.052601 1.000000  
0.034030 0.985601 -0.165626 0.000000  
-0.468763 0.162103 0.868323 0.000000  
0.882668 0.048090 0.467529 0.000000  
0.000001 78.914368 -1.532129 1.000000  
-0.283874 -0.632056 0.721059 0.000000  
0.883422 0.119970 0.452956 0.000000  
-0.372799 0.765581 0.524315 0.000000  
86.388863 91.449333 34.036182 1.000000  
0.077077 -0.652144 0.754164 0.000000  
-0.981427 -0.182917 -0.057869 0.000000  
0.175688 -0.735696 -0.654130 0.000000  
-83.451309 92.727310 -26.095062 1.000000  
-0.915293 -0.196051 0.351863 0.000000  
0.248255 0.413337 0.876084 0.000000  
-0.317193 0.889221 -0.329652 0.000000  
73.264824 102.528786 49.502895 1.000000  
-0.809066 -0.469343 -0.353745 0.000000  
-0.429161 0.060563 0.901199 0.000000  
-0.401543 0.880934 -0.250421 0.000000  
62.213272 100.161629 53.751423 1.000000  
-0.920015 -0.370269 -0.128387 0.000000  
0.104973 -0.548468 0.829551 0.000000  
-0.377573 0.749722 0.543467 0.000000  
71.463943 81.015503 66.078850 1.000000  
-0.410613 0.380970 -0.828416 0.000000  
-0.827596 -0.537058 0.163225 0.000000  
-0.382723 0.752615 0.535812 0.000000  
62.944656 77.586876 64.890038 1.000000  
0.680423 0.616110 -0.396793 0.000000  
-0.615689 0.186964 -0.765483 0.000000  
-0.397435 0.765152 0.506546 0.000000  
59.200676 81.060577 57.336407 1.000000  
0.468768 -0.357071 0.807931 0.000000  
-0.769939 0.283153 0.571866 0.000000  
-0.432962 -0.890125 -0.142189 0.000000  
-83.420212 103.993828 -5.913408 1.000000  
0.821900 -0.504335 0.264806 0.000000  
-0.355115 -0.090169 0.930468 0.000000  
-0.445390 -0.858787 -0.253206 0.000000  
-77.760208 99.682472 3.841740 1.000000  
0.813190 -0.278870 0.510828 0.000000  
-0.554683 -0.637104 0.535197 0.000000  
0.176200 -0.718563 -0.672771 0.000000  
-83.437126 81.158630 8.897946 1.000000  
0.924623 0.351263 -0.147224 0.000000  
0.342373 -0.597203 0.725359 0.000000  
0.166869 -0.721087 -0.672449 0.000000  
-75.907158 78.576347 13.628107 1.000000  
0.199160 0.679627 -0.705999 0.000000  
0.970751 -0.038223 0.237050 0.000000  
0.134120 -0.732559 -0.667360 0.000000  
-67.476303 81.779190 12.285751 1.000000  
0.870925 -0.202614 0.447693 0.000000  
-0.458997 -0.660818 0.593845 0.000000  
0.175522 -0.722684 -0.668521 0.000000  
-79.682693 66.054581 -4.694437 1.000000  
0.822760 0.478071 -0.307410 0.000000  
0.541892 -0.496587 0.678064 0.000000  
0.171507 -0.724466 -0.667634 0.000000  
-72.397148 64.359657 -0.949351 1.000000  
-0.124918 0.650463 -0.749183 0.000000  
0.977254 0.211138 0.020371 0.000000  
0.171431 -0.729597 -0.662042 0.000000  
-66.146866 67.991371 -3.284576 1.000000  
-0.922829 -0.355244 -0.148992 0.000000  
0.079156 -0.553380 0.829154 0.000000  
-0.377001 0.753373 0.538795 0.000000  
79.078712 65.250877 55.103710 1.000000  
-0.368028 0.407636 -0.835705 0.000000  
-0.848963 -0.513875 0.123211 0.000000  
-0.379222 0.754828 0.535188 0.000000  
71.358849 62.279152 53.857372 1.000000  
0.719446 0.599795 -0.350220 0.000000  
-0.584980 0.251442 -0.771081 0.000000  
-0.374431 0.759623 0.531767 0.000000  
68.563110 65.375778 47.508801 1.000000  
1.000000 0.000000 0.000000 0.000000  
0.000000 1.000000 0.000000 0.000000  
0.000000 0.000000 1.000000 0.000000  
0.000000 0.000000 0.000000 1.000000  
1.000000 0.000000 0.000000 0.000000  
0.000000 0.000000 -1.000000 0.000000  
0.000000 1.000000 0.000000 0.000000  
0.000000 0.000001 0.000000 1.000000  
0.000000 1.000000 0.000000 0.000000  
0.000000 -0.000000 1.000000 0.000000  
1.000000 0.000000 -0.000000 0.000000  
0.000001 0.000001 6.479099 1.000000  
0.883581 0.046546 0.465959 0.000000  
0.467140 -0.156944 -0.870143 0.000000  
0.032628 0.986510 -0.160416 0.000000  
-3.609987 -8.515297 14.030821 1.000000  
0.846104 0.324645 0.422744 0.000000  
0.519531 -0.325022 -0.790220 0.000000  
-0.119140 0.888238 -0.443666 0.000000  
10.677719 -6.258659 40.078232 1.000000  
0.847582 0.346611 0.401829 0.000000  
0.328837 0.251257 -0.910349 0.000000  
-0.416499 0.903732 0.098982 0.000000  
27.052361 -7.226097 10.290728 1.000000  
0.928963 0.000019 0.370174 0.000000  
0.370174 -0.000351 -0.928962 0.000000  
0.000112 1.000000 -0.000333 0.000000  
15.479252 0.003698 13.381786 1.000000  
0.928966 0.000037 0.370164 0.000000  
0.370164 -0.000006 -0.928966 0.000000  
-0.000032 1.000000 -0.000020 0.000000  
15.479679 0.008149 13.380550 1.000000  
-0.015698 0.998086 -0.059824 0.000000  
-0.459956 0.045917 0.886754 0.000000  
0.887803 0.041437 0.458355 0.000000  
0.014687 79.196129 -1.604223 1.000000  
0.912139 0.000979 0.409881 0.000000  
0.408591 -0.081483 -0.909073 0.000000  
0.032508 0.996674 -0.074724 0.000000  
-3.621493 -9.566925 5.080360 1.000000  
0.941891 -0.056288 0.331169 0.000000  
0.332841 0.023225 -0.942697 0.000000  
0.045371 0.998144 0.040611 0.000000  
-5.037397 -9.862206 -8.375130 1.000000  
0.967729 -0.088564 0.235918 0.000000  
0.246088 0.130647 -0.960402 0.000000  
0.054235 0.987465 0.148225 0.000000  
-5.944924 -8.775681 -21.835392 1.000000  
0.054402 0.995878 0.072582 0.000000  
-0.159628 -0.063080 0.985160 0.000000  
0.985677 -0.065181 0.155538 0.000000  
4.040579 134.436203 -9.033727 1.000000  
0.990030 -0.033473 0.136824 0.000000  
0.140780 0.202702 -0.969068 0.000000  
0.004704 0.978668 0.205394 0.000000  
2.946248 -8.182800 -29.972939 1.000000  
0.986046 0.032023 0.163369 0.000000  
0.160577 0.076015 -0.984092 0.000000  
-0.043932 0.996592 0.069812 0.000000  
11.000574 -9.653427 -6.639068 1.000000  
0.999759 0.020787 0.007039 0.000000  
0.008102 -0.051484 -0.998642 0.000000  
-0.020396 0.998457 -0.051640 0.000000  
2.263000 -13.879044 13.917480 1.000000  
0.873302 0.192119 -0.447699 0.000000  
0.484684 -0.249735 0.838280 0.000000  
0.049243 -0.949064 -0.311211 0.000000  
25.184196 155.235397 22.004005 1.000000  
0.336008 -0.940601 -0.048649 0.000000  
0.662795 0.272834 -0.697327 0.000000  
0.669180 0.202063 0.715100 0.000000  
-81.220177 180.803436 -111.678169 1.000000  
0.215803 -0.719594 0.660010 0.000000  
0.619388 -0.421656 -0.662243 0.000000  
0.754843 0.551716 0.354713 0.000000  
-83.907181 107.940430 -118.025330 1.000000  
-0.175327 -0.635189 0.752197 0.000000  
0.382429 -0.747971 -0.542482 0.000000  
0.907197 0.192550 0.374051 0.000000  
-49.248093 161.492279 -136.528076 1.000000  
-0.238033 -0.761660 0.602674 0.000000  
0.901630 -0.403987 -0.154460 0.000000  
0.361117 0.506622 0.782898 0.000000  
58.423035 131.420685 -178.636093 1.000000  
-0.331470 -0.928892 0.165184 0.000000  
0.904904 -0.263461 0.334264 0.000000  
-0.266981 0.260272 0.927895 0.000000  
179.133698 202.815247 -121.956924 1.000000  
-0.913885 -0.395802 -0.090367 0.000000  
0.379120 -0.752371 -0.538708 0.000000  
0.145228 -0.526572 0.837628 0.000000  
215.216827 240.132675 -61.575974 1.000000  
-0.452127 0.361809 -0.815285 0.000000  
0.373080 -0.753530 -0.541300 0.000000  
-0.810179 -0.548894 0.205703 0.000000  
288.803741 98.601952 184.726624 1.000000  
0.591420 0.665180 -0.455816 0.000000  
0.419017 -0.736470 -0.531072 0.000000  
-0.688946 0.123092 -0.714278 0.000000  
58.774117 -76.086227 268.335114 1.000000  
-0.915046 -0.388004 -0.110253 0.000000  
0.383814 -0.753480 -0.533812 0.000000  
0.124044 -0.530774 0.838381 0.000000  
219.146820 239.252640 -57.754601 1.000000  
-0.413755 0.376397 -0.828943 0.000000  
0.375274 -0.759058 -0.531978 0.000000  
-0.829441 -0.531181 0.172809 0.000000  
284.995239 93.157150 192.544495 1.000000  
0.649440 0.627019 -0.430216 0.000000  
0.373187 -0.755750 -0.538120 0.000000  
-0.662540 0.188925 -0.724803 0.000000  
45.312263 -78.524986 265.120209 1.000000  
-0.704624 0.245469 -0.665771 0.000000  
-0.709110 -0.209372 0.673296 0.000000  
0.025879 0.946524 0.321593 0.000000  
-21.659557 156.819214 15.530131 1.000000  
0.334498 0.749466 0.571325 0.000000  
0.259126 0.509732 -0.820382 0.000000  
-0.906071 0.422461 -0.023701 0.000000  
122.140266 131.852493 34.071716 1.000000  
0.375804 0.909694 -0.176714 0.000000  
0.043969 -0.207981 -0.977145 0.000000  
-0.925656 0.359445 -0.118158 0.000000  
132.572083 168.425522 -19.882160 1.000000  
0.023565 0.685568 -0.727624 0.000000  
0.168639 -0.720124 -0.673041 0.000000  
-0.985399 -0.106846 -0.132583 0.000000  
88.941353 221.887054 -103.106812 1.000000  
0.191720 0.874769 -0.444989 0.000000  
-0.574666 -0.267496 -0.773437 0.000000  
-0.795620 0.404004 0.451421 0.000000  
75.497841 169.319351 -159.077209 1.000000  
-0.124791 0.970245 -0.207477 0.000000  
-0.864733 -0.208891 -0.456733 0.000000  
-0.486490 0.122419 0.865072 0.000000  
-33.734787 233.304657 -183.498947 1.000000  
-0.788877 0.307134 -0.532290 0.000000  
0.169767 -0.723535 -0.669087 0.000000  
-0.590639 -0.618197 0.518643 0.000000  
-126.539436 239.794861 -178.238297 1.000000  
-0.937729 -0.328904 0.111699 0.000000  
0.174609 -0.724333 -0.666974 0.000000  
0.300275 -0.605946 0.736666 0.000000  
-306.302856 115.715271 -91.717628 1.000000  
-0.295452 -0.700785 0.649312 0.000000  
0.150512 -0.705311 -0.692737 0.000000  
