1160  
71 
1.000000 0.000000 0.000000 0.000000  
0.000000 1.000000 0.000000 0.000000  
0.000000 0.000000 1.000000 0.000000  
0.000000 0.000000 0.000000 1.000000  
1.000000 0.000000 0.000000 0.000000  
0.000000 0.000000 -1.000000 0.000000  
0.000000 1.000000 0.000000 0.000000  
0.000000 0.000001 0.000000 1.000000  
0.000000 1.000000 0.000000 0.000000  
0.000000 -0.000000 1.000000 0.000000  
1.000000 0.000000 -0.000000 0.000000  
0.000001 0.000001 6.479099 1.000000  
0.881438 0.050164 0.469628 0.000000  
0.470930 -0.169023 -0.865827 0.000000  
0.035945 0.984335 -0.172607 0.000000  
-3.910075 -7.927765 15.105648 1.000000  
0.845739 0.322699 0.424959 0.000000  
0.518199 -0.306780 -0.798345 0.000000  
-0.127256 0.895405 -0.426679 0.000000  
11.356801 -6.411987 38.618935 1.000000  
0.847199 0.343520 0.405277 0.000000  
0.338811 0.238238 -0.910192 0.000000  
-0.409221 0.908426 0.085446 0.000000  
26.883354 -7.237141 10.506699 1.000000  
0.928944 -0.000018 0.370221 0.000000  
0.370221 -0.000344 -0.928943 0.000000  
0.000144 1.000000 -0.000314 0.000000  
15.477551 0.000914 13.381285 1.000000  
0.928948 -0.000000 0.370211 0.000000  
0.370211 0.000000 -0.928948 0.000000  
0.000000 1.000000 -0.000000 0.000000  
15.477974 0.005365 13.380049 1.000000  
-0.012781 0.997287 -0.072497 0.000000  
-0.464073 0.058305 0.883876 0.000000  
0.885705 0.044941 0.462069 0.000000  
0.016176 79.571190 -1.609694 1.000000  
0.910285 0.003704 0.413965 0.000000  
0.412425 -0.094735 -0.906052 0.000000  
0.035861 0.995496 -0.087763 0.000000  
-3.925253 -9.083633 6.243397 1.000000  
0.940355 -0.054848 0.335744 0.000000  
0.336687 0.008685 -0.941576 0.000000  
0.048728 0.998457 0.026633 0.000000  
-5.341629 -9.551880 -7.100070 1.000000  
0.966568 -0.088588 0.240623 0.000000  
0.249888 0.115099 -0.961410 0.000000  
0.057474 0.989396 0.133388 0.000000  
-6.234289 -8.665977 -20.447441 1.000000  
0.057845 0.996707 0.056823 0.000000  
-0.162941 -0.046729 0.985529 0.000000  
0.984939 -0.066267 0.159702 0.000000  
4.250869 134.685730 -9.789135 1.000000  
0.989469 -0.034695 0.140524 0.000000  
0.144549 0.186499 -0.971763 0.000000  
0.007507 0.981843 0.189551 0.000000  
2.723923 -8.249420 -28.417118 1.000000  
0.985632 0.031236 0.165994 0.000000  
0.163946 0.059518 -0.984672 0.000000  
-0.040637 0.997738 0.053542 0.000000  
10.699413 -9.370071 -5.036829 1.000000  
0.999799 0.017423 0.009911 0.000000  
0.011069 -0.067669 -0.997646 0.000000  
-0.016712 0.997556 -0.067849 0.000000  
1.882184 -13.232117 15.557247 1.000000  
0.875381 0.181811 -0.447943 0.000000  
0.481155 -0.237816 0.843761 0.000000  
0.046877 -0.954143 -0.295659 0.000000  
25.374069 155.910461 20.980831 1.000000  
0.326966 -0.944235 -0.038904 0.000000  
0.670607 0.260827 -0.694446 0.000000  
0.665868 0.200971 0.718492 0.000000  
-79.918617 181.574753 -113.920593 1.000000  
0.210241 -0.721714 0.659490 0.000000  
0.622182 -0.421559 -0.659680 0.000000  
0.754114 0.549015 0.360408 0.000000  
-83.325012 108.677055 -119.668983 1.000000  
-0.181209 -0.636580 0.749623 0.000000  
0.383745 -0.747585 -0.542086 0.000000  
0.905484 0.189433 0.379751 0.000000  
-48.429962 162.189026 -137.840759 1.000000  
-0.243357 -0.762536 0.599433 0.000000  
0.901526 -0.405807 -0.150235 0.000000  
0.357812 0.503843 0.786202 0.000000  
59.409554 131.957336 -179.399567 1.000000  
-0.334668 -0.928480 0.161004 0.000000  
0.902316 -0.266473 0.338841 0.000000  
-0.271708 0.258674 0.926969 0.000000  
179.963196 202.920212 -121.850677 1.000000  
-0.914303 -0.393355 -0.096606 0.000000  
0.380404 -0.751985 -0.538342 0.000000  
0.139109 -0.528952 0.837167 0.000000  
215.787018 240.003296 -61.171638 1.000000  
-0.446530 0.364882 -0.816998 0.000000  
0.374375 -0.753123 -0.540971 0.000000  
-0.812682 -0.547416 0.199685 0.000000  
287.606201 97.697609 185.206177 1.000000  
0.595654 0.664840 -0.450772 0.000000  
0.420294 -0.736200 -0.530436 0.000000  
-0.684506 0.126499 -0.717942 0.000000  
56.674721 -76.631805 267.059387 1.000000  
-0.915330 -0.385506 -0.116479 0.000000  
0.385067 -0.753118 -0.533421 0.000000  
0.117911 -0.533103 0.837788 0.000000  
219.692719 239.104401 -57.329819 1.000000  
-0.408044 0.379410 -0.830399 0.000000  
0.376503 -0.758680 -0.531650 0.000000  
-0.831710 -0.529576 0.166723 0.000000  
283.739471 92.243088 192.988708 1.000000  
0.653433 0.626476 -0.424930 0.000000  
0.374460 -0.755352 -0.537796 0.000000  
-0.657880 0.192293 -0.728154 0.000000  
43.225777 -79.030075 263.760834 1.000000  
-0.701651 0.237108 -0.671912 0.000000  
-0.711963 -0.195981 0.674315 0.000000  
0.028203 0.951510 0.306322 0.000000  
-21.443144 157.552002 14.331853 1.000000  
0.331606 0.753370 0.567865 0.000000  
0.256470 0.507266 -0.822742 0.000000  
-0.907888 0.418466 -0.025004 0.000000  
122.669739 133.173508 32.651207 1.000000  
0.373228 0.911955 -0.170406 0.000000  
0.047840 -0.202353 -0.978144 0.000000  
-0.926505 0.356918 -0.119152 0.000000  
132.872284 169.217636 -20.426977 1.000000  
0.023546 0.689709 -0.723700 0.000000  
0.173296 -0.715759 -0.676503 0.000000  
-0.984591 -0.109487 -0.136377 0.000000  
89.326065 222.994171 -103.492722 1.000000  
0.190133 0.877901 -0.439468 0.000000  
-0.571239 -0.265133 -0.776781 0.000000  
-0.798463 0.398733 0.451085 0.000000  
76.244965 170.694839 -159.799332 1.000000  
-0.127470 0.970957 -0.202455 0.000000  
-0.862527 -0.209299 -0.460698 0.000000  
-0.489699 0.115901 0.864158 0.000000  
-33.128525 234.440216 -184.217682 1.000000  
-0.788210 0.307398 -0.533123 0.000000  
0.174423 -0.719189 -0.672565 0.000000  
-0.590171 -0.623117 0.513259 0.000000  
-125.971466 240.582031 -179.222198 1.000000  
-0.936943 -0.332744 0.106813 0.000000  
0.179261 -0.719982 -0.670441 0.000000  
0.299986 -0.609026 0.734239 0.000000  
-305.583496 115.403053 -93.980499 1.000000  
-0.295124 -0.705421 0.644421 0.000000  
0.155182 -0.700898 -0.696175 0.000000  
0.942774 -0.105459 0.316325 0.000000  
-285.572113 -44.681534 84.712379 1.000000  
-0.848708 0.239264 -0.471631 0.000000  
0.169409 -0.721811 -0.671036 0.000000  
-0.500992 -0.649419 0.572078 0.000000  
-152.381927 232.411194 -177.832443 1.000000  
-0.850396 -0.451582 0.269979 0.000000  
0.174503 -0.726180 -0.664989 0.000000  
0.496353 -0.518400 0.696353 0.000000  
-321.845551 78.091682 -57.101612 1.000000  
0.020701 -0.675056 0.737465 0.000000  
0.179696 -0.723105 -0.666955 0.000000  
0.983513 0.146328 0.106338 0.000000  
-231.031342 -78.821602 135.698746 1.000000  
0.865377 -0.193508 0.462252 0.000000  
0.384077 -0.336386 -0.859843 0.000000  
0.321882 0.921629 -0.216779 0.000000  
-29.529144 -7.995483 18.836555 1.000000  
0.847551 -0.229846 0.478361 0.000000  
0.522353 0.520647 -0.675332 0.000000  
-0.093835 0.822252 0.561335 0.000000  
-6.718666 -2.708908 -23.948170 1.000000  
0.743146 -0.000001 0.669130 0.000000  
0.669130 0.000001 -0.743145 0.000000  
0.000000 1.000000 0.000001 0.000000  
-11.761822 0.000011 -6.218544 1.000000  
0.743146 -0.000001 0.669130 0.000000  
0.669130 0.000000 -0.743145 0.000000  
0.000000 1.000000 0.000001 0.000000  
-11.761822 0.000016 -6.218552 1.000000  
0.000000 1.000000 0.000000 0.000000  
-0.370211 0.000000 0.928948 0.000000  
0.928948 -0.000000 0.370211 0.000000  
35.918461 -0.000002 32.801186 1.000000  
0.000000 1.000000 0.000000 0.000000  
-0.669130 0.000000 0.743146 0.000000  
0.743146 -0.000000 0.669130 0.000000  
-38.228195 0.000000 -15.946484 1.000000  
0.166569 -0.713445 0.680625 0.000000  
-0.632824 0.452004 0.628670 0.000000  
-0.756167 -0.535433 -0.376195 0.000000  
77.504814 128.627075 -1.861741 1.000000  
0.342668 -0.936539 -0.073987 0.000000  
-0.658230 -0.295537 0.692381 0.000000  
-0.670308 -0.188556 -0.717729 0.000000  
64.545441 164.046082 0.936386 1.000000  
-0.309899 -0.739599 -0.597458 0.000000  
-0.268334 -0.534813 0.801232 0.000000  
-0.912118 0.408619 -0.032721 0.000000  
-52.840462 168.162064 -15.734735 1.000000  
-0.355660 -0.909241 0.216302 0.000000  
-0.028819 0.241993 0.969850 0.000000  
-0.934171 0.338703 -0.112271 0.000000  
-64.560547 140.191147 -38.330048 1.000000  
-0.002674 0.966301 0.257401 0.000000  
-0.144719 -0.255066 0.956032 0.000000  
0.989469 -0.034695 0.140524 0.000000  
5.818840 161.702911 -8.248871 1.000000  
-0.016712 0.997556 -0.067849 0.000000  
-0.011071 0.067669 0.997646 0.000000  
0.999799 0.017423 0.009913 0.000000  
-1.346486 161.339767 34.365444 1.000000  
0.035945 0.984335 -0.172607 0.000000  
-0.470930 0.169023 0.865827 0.000000  
0.881438 0.050163 0.469628 0.000000  
0.000001 79.129250 -1.532129 1.000000  
-0.287195 -0.632633 0.719236 0.000000  
0.882050 0.118120 0.456104 0.000000  
-0.373503 0.765393 0.524090 0.000000  
86.192749 91.415054 33.638466 1.000000  
0.077004 -0.654390 0.752223 0.000000  
-0.980956 -0.184668 -0.060231 0.000000  
0.178326 -0.733259 -0.656148 0.000000  
-83.111145 92.766754 -27.048134 1.000000  
-0.916750 -0.195248 0.348501 0.000000  
0.245867 0.411804 0.877478 0.000000  
-0.314838 0.890109 -0.329514 0.000000  
73.031914 102.491806 49.075703 1.000000  
-0.808518 -0.467733 -0.357114 0.000000  
-0.432121 0.059944 0.899824 0.000000  
-0.399467 0.881832 -0.250581 0.000000  
61.962914 100.134346 53.283562 1.000000  
-0.920091 -0.368809 -0.131998 0.000000  
0.101404 -0.549736 0.829156 0.000000  
-0.378363 0.749513 0.543205 0.000000  
71.145210 80.958740 65.615814 1.000000  
-0.407276 0.382665 -0.829282 0.000000  
-0.828891 -0.536121 0.159695 0.000000  
-0.383485 0.752423 0.535536 0.000000  
62.625370 77.543655 64.393547 1.000000  
0.682620 0.615693 -0.393654 0.000000  
-0.612834 0.188860 -0.767306 0.000000  
-0.398079 0.765022 0.506236 0.000000  
58.911831 81.032791 56.832157 1.000000  
0.468008 -0.358723 0.807640 0.000000  
-0.771529 0.279813 0.571365 0.000000  
-0.430948 -0.890516 -0.145810 0.000000  
-83.138840 103.968666 -6.831082 1.000000  
0.822410 -0.503558 0.264702 0.000000  
-0.356630 -0.093828 0.929526 0.000000  
-0.443234 -0.858851 -0.256749 0.000000  
-77.488029 99.637383 2.920499 1.000000  
0.812808 -0.278900 0.511419 0.000000  
-0.554399 -0.639895 0.532153 0.000000  
0.178836 -0.716068 -0.674733 0.000000  
-83.137360 81.086708 7.907356 1.000000  
0.924199 0.353539 -0.144408 0.000000  
0.342219 -0.598848 0.724074 0.000000  
0.169509 -0.718606 -0.674441 0.000000  
-75.610931 78.504158 12.642981 1.000000  
0.199097 0.682264 -0.703469 0.000000  
0.970393 -0.037069 0.238692 0.000000  
0.136774 -0.730163 -0.669443 0.000000  
-67.184097 81.727722 11.326265 1.000000  
0.870506 -0.202332 0.448634 0.000000  
-0.458775 -0.663607 0.590899 0.000000  
0.178159 -0.720202 -0.670498 0.000000  
-79.328476 66.033737 -5.725843 1.000000  
0.822381 0.480658 -0.304375 0.000000  
0.541626 -0.497693 0.677465 0.000000  
0.174144 -0.721991 -0.669629 0.000000  
-72.046448 64.341179 -1.972896 1.000000  
-0.124850 0.652599 -0.747334 0.000000  
0.976796 0.213001 0.022816 0.000000  
0.174072 -0.727144 -0.664049 0.000000  
-65.799210 67.992508 -4.285087 1.000000  
-0.922814 -0.353752 -0.152591 0.000000  
0.075582 -0.554611 0.828665 0.000000  
-0.377770 0.753170 0.538540 0.000000  
78.775192 65.198441 54.645046 1.000000  
-0.364629 0.409281 -0.836391 0.000000  
-0.850091 -0.512854 0.119641 0.000000  
-0.379980 0.754632 0.534927 0.000000  
71.055595 62.239208 53.368580 1.000000  
0.721462 0.599261 -0.346972 0.000000  
-0.582018 0.253301 -0.772713 0.000000  
-0.375168 0.759426 0.531528 0.000000  
68.285683 65.348320 47.014915 1.000000  
1.000000 0.000000 0.000000 0.000000  
0.000000 1.000000 0.000000 0.000000  
0.000000 0.000000 1.000000 0.000000  
0.000000 0.000000 0.000000 1.000000  
1.000000 0.000000 0.000000 0.000000  
0.000000 0.000000 -1.000000 0.000000  
0.000000 1.000000 0.000000 0.000000  
0.000000 0.000001 0.000000 1.000000  
0.000000 1.000000 0.000000 0.000000  
0.000000 -0.000000 1.000000 0.000000  
1.000000 0.000000 -0.000000 0.000000  
0.000001 0.000001 6.479099 1.000000  
0.880561 0.050164 0.471270 0.000000  
0.472543 -0.169023 -0.864948 0.000000  
0.036267 0.984335 -0.172540 0.000000  
-3.941069 -7.927765 15.098425 1.000000  
0.844858 0.322779 0.426648 0.000000  
0.519650 -0.305518 -0.797886 0.000000  
-0.127192 0.895808 -0.425852 0.000000  
11.348937 -6.451569 38.543823 1.000000  
0.846334 0.343628 0.406990 0.000000  
0.340025 0.239602 -0.909381 0.000000  
-0.410004 0.908026 0.085941 0.000000  
26.922102 -7.232670 10.449765 1.000000  
0.928944 -0.000018 0.370221 0.000000  
0.370221 -0.000346 -0.928943 0.000000  
0.000145 1.000000 -0.000315 0.000000  
15.477695 0.001053 13.381393 1.000000  
0.928948 0.000000 0.370212 0.000000  
0.370212 -0.000002 -0.928947 0.000000  
0.000001 1.000000 -0.000002 0.000000  
15.478121 0.005504 13.380154 1.000000  
-0.012658 0.997283 -0.072565 0.000000  
-0.465791 0.058335 0.882970 0.000000  
0.884804 0.044977 0.463787 0.000000  
0.016321 79.571190 -1.609572 1.000000  
0.909270 0.004029 0.416187 0.000000  
0.414657 -0.094992 -0.905006 0.000000  
0.035888 0.995470 -0.088044 0.000000  
-3.925293 -9.081001 6.272519 1.000000  
0.939300 -0.054148 0.338798 0.000000  
0.339694 0.008011 -0.940502 0.000000  
0.048212 0.998501 0.025919 0.000000  
-5.279049 -9.556923 -7.020251 1.000000  
0.965632 -0.087784 0.244643 0.000000  
0.253715 0.113977 -0.960541 0.000000  
0.056436 0.989598 0.132331 0.000000  
-6.108135 -8.689751 -20.324194 1.000000  
0.057351 0.996801 0.055679 0.000000  
-0.167588 -0.045368 0.984813 0.000000  
0.984188 -0.065811 0.164450 0.000000  
4.261691 134.681000 -9.810178 1.000000  
0.988770 -0.034531 0.145401 0.000000  
0.149299 0.185212 -0.971291 0.000000  
0.006610 0.982092 0.188287 0.000000  
2.814999 -8.278076 -28.259434 1.000000  
0.984855 0.032152 0.170374 0.000000  
0.168303 0.058815 -0.983979 0.000000  
-0.041658 0.997751 0.052513 0.000000  
10.816444 -9.365631 -4.921807 1.000000  
0.999772 0.016686 0.013344 0.000000  
0.014446 -0.067747 -0.997598 0.000000  
-0.015742 0.997563 -0.067973 0.000000  
1.625004 -13.207581 15.495968 1.000000  
0.877564 0.181199 -0.443902 0.000000  
0.477022 -0.236712 0.846414 0.000000  
0.048293 -0.954534 -0.294166 0.000000  
25.228348 155.946442 21.031576 1.000000  
0.328669 -0.943751 -0.036199 0.000000  
0.669947 0.259988 -0.695397 0.000000  
0.665693 0.204305 0.717713 0.000000  
-80.028870 180.981140 -113.701172 1.000000  
0.207775 -0.718448 0.663823 0.000000  
0.623489 -0.425639 -0.655815 0.000000  
0.753718 0.550149 0.359507 0.000000  
-83.019089 108.242821 -119.653381 1.000000  
-0.184423 -0.632855 0.751989 0.000000  
0.385273 -0.750426 -0.537052 0.000000  
0.904185 0.190676 0.382215 0.000000  
-47.858154 161.652817 -138.129700 1.000000  
-0.246093 -0.759491 0.602175 0.000000  
0.901813 -0.407101 -0.144917 0.000000  
0.355207 0.507386 0.785104 0.000000  
60.115742 131.152802 -179.139801 1.000000  
-0.335877 -0.927481 0.164210 0.000000  
0.900870 -0.265419 0.343484 0.000000  
-0.274995 0.263298 0.924695 0.000000  
180.500443 202.314270 -121.482574 1.000000  
-0.914195 -0.393230 -0.098130 0.000000  
0.381915 -0.754807 -0.533300 0.000000  
0.135637 -0.525012 0.840212 0.000000  
216.121979 239.665543 -60.848969 1.000000  
-0.443238 0.361238 -0.820403 0.000000  
0.375896 -0.755953 -0.535946 0.000000  
-0.813781 -0.545930 0.199275 0.000000  
286.927765 98.499443 186.475922 1.000000  
0.597769 0.662285 -0.451732 0.000000  
0.421786 -0.739009 -0.525321 0.000000  
-0.681739 0.123486 -0.721093 0.000000  
55.577896 -75.286888 268.302429 1.000000  
-0.915142 -0.385475 -0.118044 0.000000  
0.386559 -0.755918 -0.528356 0.000000  
0.114433 -0.529147 0.840773 0.000000  
220.012726 238.782623 -56.988316 1.000000  
-0.404693 0.375677 -0.833729 0.000000  
0.377985 -0.761467 -0.526590 0.000000  
-0.832674 -0.528237 0.166157 0.000000  
283.028412 93.084862 194.270065 1.000000  
0.655425 0.624009 -0.425490 0.000000  
0.375967 -0.758166 -0.532760 0.000000  
-0.655031 0.189213 -0.731521 0.000000  
42.139801 -77.692375 264.965240 1.000000  
-0.698354 0.236235 -0.675644 0.000000  
-0.715253 -0.195074 0.671089 0.000000  
0.026734 0.951913 0.305199 0.000000  
-21.555792 157.580261 14.151880 1.000000  
0.331197 0.755230 0.565629 0.000000  
0.261469 0.502527 -0.824076 0.000000  
-0.906610 0.420826 -0.031034 0.000000  
122.393814 132.919052 33.244759 1.000000  
0.374333 0.909907 -0.178727 0.000000  
0.050934 -0.212625 -0.975806 0.000000  
-0.925894 0.356173 -0.125938 0.000000  
132.886383 169.203445 -20.343401 1.000000  
0.026338 0.682070 -0.730809 0.000000  
0.175091 -0.722911 -0.668389 0.000000  
-0.984203 -0.110355 -0.138463 0.000000  
89.645668 222.130676 -104.111267 1.000000  
0.192102 0.873137 -0.448018 0.000000  
-0.568841 -0.272940 -0.775836 0.000000  
-0.799703 0.403892 0.444249 0.000000  
76.718437 169.251251 -159.909302 1.000000  
-0.126223 0.968853 -0.213041 0.000000  
-0.861133 -0.213631 -0.461317 0.000000  
-0.492468 0.125231 0.861278 0.000000  
-32.536026 232.798859 -185.354630 1.000000  
-0.786270 0.302236 -0.538909 0.000000  
0.176203 -0.726300 -0.664411 0.000000  
-0.592228 -0.617368 0.517816 0.000000  
-125.391235 239.045120 -180.729614 1.000000  
-0.937488 -0.331077 0.107209 0.000000  
0.181033 -0.727073 -0.662263 0.000000  
0.297206 -0.601464 0.741567 0.000000  
-305.357483 114.868141 -94.772392 1.000000  
-0.297663 -0.698459 0.650805 0.000000  
0.157050 -0.708246 -0.688275 0.000000  
0.941666 -0.102669 0.320516 0.000000  
-286.029449 -43.345329 85.653732 1.000000  
-0.847010 0.234785 -0.476906 0.000000  
0.171181 -0.728902 -0.662871 0.000000  
-0.503259 -0.643102 0.577201 0.000000  
-151.811005 230.904175 -179.341293 1.000000  
-0.851550 -0.448247 0.271896 0.000000  
0.176254 -0.733211 -0.656762 0.000000  
0.493750 -0.511351 0.703380 0.000000  
-321.763000 77.954659 -57.558140 1.000000  
0.017872 -0.667298 0.744565 0.000000  
0.181454 -0.730159 -0.658743 0.000000  
0.983246 0.146879 0.108037 0.000000  
-231.677032 -76.979774 137.174545 1.000000  
0.864428 -0.193717 0.463937 0.000000  
0.385258 -0.337654 -0.858816 0.000000  
0.323018 0.921121 -0.217246 0.000000  
-29.633499 -7.953560 18.877605 1.000000  
0.846541 -0.230036 0.480056 0.000000  
0.523915 0.519704 -0.674848 0.000000  
-0.094248 0.822794 0.560470 0.000000  
-6.738003 -2.724751 -23.885162 1.000000  
0.743146 -0.000001 0.669130 0.000000  
0.669130 -0.000001 -0.743145 0.000000  
0.000001 1.000000 -0.000001 0.000000  
-11.761965 0.000086 -6.218624 1.000000  
0.743146 -0.000001 0.669130 0.000000  
0.669130 -0.000001 -0.743145 0.000000  
0.000001 1.000000 -0.000001 0.000000  
-11.761961 0.000090 -6.218631 1.000000  
0.000000 1.000000 0.000000 0.000000  
-0.370211 0.000000 0.928948 0.000000  
0.928948 -0.000000 0.370211 0.000000  
35.918461 -0.000002 32.801186 1.000000  
0.000000 1.000000 0.000000 0.000000  
-0.669130 0.000000 0.743146 0.000000  
0.743146 -0.000000 0.669130 0.000000  
-38.228195 0.000000 -15.946484 1.000000  
0.164032 -0.710042 0.684787 0.000000  
-0.633996 0.455947 0.624629 0.000000  
-0.755740 -0.536612 -0.375374 0.000000  
77.522079 128.650604 -1.528802 1.000000  
0.344338 -0.936135 -0.071289 0.000000  
-0.657514 -0.294660 0.693434 0.000000  
-0.670154 -0.191902 -0.716985 0.000000  
64.498581 164.054413 1.168272 1.000000  
-0.309316 -0.741658 -0.595204 0.000000  
-0.273309 -0.530159 0.802642 0.000000  
-0.910838 0.410944 -0.038715 0.000000  
-52.807552 168.151764 -16.081961 1.000000  
-0.356778 -0.906753 0.224742 0.000000  
-0.031882 0.252253 0.967136 0.000000  
-0.933645 0.337887 -0.118907 0.000000  
-64.505936 140.102768 -38.592068 1.000000  
-0.003895 0.966641 0.256105 0.000000  
-0.149395 -0.253795 0.955651 0.000000  
0.988770 -0.034539 0.145399 0.000000  
5.815924 161.700806 -8.300892 1.000000  
-0.015735 0.997563 -0.067969 0.000000  
-0.014447 0.067744 0.997598 0.000000  
0.999772 0.016680 0.013346 0.000000  
-1.539881 161.368179 34.282215 1.000000  
0.036267 0.984335 -0.172540 0.000000  
-0.472542 0.169023 0.864948 0.000000  
0.880561 0.050163 0.471270 0.000000  
0.000001 79.129250 -1.532037 1.000000  
-0.290288 -0.628991 0.721186 0.000000  
0.880433 0.119721 0.458803 0.000000  
-0.374924 0.768140 0.519030 0.000000  
86.079910 91.614929 34.190212 1.000000  
0.074080 -0.646521 0.759288 0.000000  
-0.980868 -0.184694 -0.061566 0.000000  
0.180039 -0.740201 -0.647834 0.000000  
-83.120628 92.804733 -26.872892 1.000000  
-0.918169 -0.192964 0.346029 0.000000  
0.242896 0.415836 0.876403 0.000000  
-0.313004 0.888731 -0.334936 0.000000  
72.868622 102.774681 49.525890 1.000000  
-0.807497 -0.468904 -0.357888 0.000000  
-0.435431 0.064530 0.897910 0.000000  
-0.397935 0.880886 -0.256281 0.000000  
61.782318 100.444794 53.703987 1.000000  
-0.919844 -0.368827 -0.133656 0.000000  
0.097945 -0.545829 0.832148 0.000000  
-0.379872 0.752354 0.538202 0.000000  
70.906448 81.321701 66.162613 1.000000  
-0.403914 0.378967 -0.832618 0.000000  
-0.829855 -0.534784 0.159166 0.000000  
-0.384952 0.755241 0.530494 0.000000  
62.388855 77.906441 64.924973 1.000000  
0.684484 0.613353 -0.394068 0.000000  
-0.609862 0.185577 -0.770469 0.000000  
-0.399439 0.767700 0.501085 0.000000  
58.705666 81.361938 57.332829 1.000000  
0.465058 -0.350524 0.812926 0.000000  
-0.773265 0.286257 0.565799 0.000000  
-0.431030 -0.891732 -0.137921 0.000000  
-83.209572 104.219444 -6.772316 1.000000  
0.821177 -0.501285 0.272722 0.000000  
-0.359799 -0.083842 0.929259 0.000000  
-0.442958 -0.861210 -0.249211 0.000000  
-77.593689 99.986908 3.044032 1.000000  
0.810905 -0.274019 0.517047 0.000000  
-0.556596 -0.633943 0.536962 0.000000  
0.180640 -0.723211 -0.666585 0.000000  
-83.269997 81.490738 8.207279 1.000000  
0.924871 0.351502 -0.145071 0.000000  
0.339496 -0.591404 0.731437 0.000000  
0.171306 -0.725735 -0.666305 0.000000  
-75.760773 78.953323 12.995209 1.000000  
0.201823 0.674742 -0.709917 0.000000  
0.969579 -0.035110 0.242272 0.000000  
0.138546 -0.737215 -0.661300 0.000000  
-67.327705 82.158348 11.672446 1.000000  
0.868868 -0.198142 0.453651 0.000000  
-0.461175 -0.657102 0.596275 0.000000  
0.179948 -0.727297 -0.662313 0.000000  
-79.423958 66.291611 -5.256096 1.000000  
0.823640 0.477000 -0.306714 0.000000  
0.539131 -0.490834 0.684423 0.000000  
0.175924 -0.729077 -0.661436 0.000000  
-72.155357 64.634071 -1.461056 1.000000  
-0.121935 0.644810 -0.754542 0.000000  
0.976852 0.212629 0.023846 0.000000  
0.175814 -0.734168 -0.655811 0.000000  
-65.898346 68.257721 -3.791056 1.000000  
-0.922480 -0.353867 -0.154332 0.000000  
0.072121 -0.550689 0.831584 0.000000  
-0.379259 0.755989 0.533521 0.000000  
78.567177 65.503433 55.295395 1.000000  
-0.361223 0.405520 -0.839695 0.000000  
-0.850889 -0.511695 0.118922 0.000000  
-0.381442 0.757444 0.529888 0.000000  
70.850342 62.543243 54.004349 1.000000  
0.723143 0.597120 -0.347163 0.000000  
-0.578982 0.249972 -0.776070 0.000000  
-0.376626 0.762211 0.526487 0.000000  
68.106041 65.623856 47.625298 1.000000  
1.000000 0.000000 0.000000 0.000000  
0.000000 1.000000 0.000000 0.000000  
0.000000 0.000000 1.000000 0.000000  
0.000000 0.000000 0.000000 1.000000  
1.000000 0.000000 0.000000 0.000000  
0.000000 0.000000 -1.000000 0.000000  
0.000000 1.000000 0.000000 0.000000  
0.000000 0.000001 0.000000 1.000000  
0.000000 1.000000 0.000000 0.000000  
0.000000 -0.000000 1.000000 0.000000  
1.000000 0.000000 -0.000000 0.000000  
0.000001 0.000001 6.479099 1.000000  
0.879737 0.050164 0.472807 0.000000  
0.474053 -0.169023 -0.864121 0.000000  
0.036568 0.984335 -0.172476 0.000000  
-3.970111 -7.927765 15.091562 1.000000  
0.844028 0.322856 0.428229 0.000000  
0.521011 -0.304337 -0.797449 0.000000  
-0.127135 0.896182 -0.425081 0.000000  
11.341959 -6.488419 38.473759 1.000000  
0.845518 0.343732 0.408593 0.000000  
0.341159 0.240881 -0.908618 0.000000  
-0.410743 0.907648 0.086402 0.000000  
26.958895 -7.228252 10.396667 1.000000  
0.928943 -0.000018 0.370222 0.000000  
0.370222 -0.000351 -0.928943 0.000000  
0.000146 1.000000 -0.000320 0.000000  
15.478052 0.001410 13.381691 1.000000  
0.928947 0.000000 0.370213 0.000000  
0.370213 -0.000007 -0.928947 0.000000  
0.000002 1.000000 -0.000007 0.000000  
15.478474 0.005857 13.380451 1.000000  
-0.012542 0.997280 -0.072629 0.000000  
-0.467399 0.058364 0.882118 0.000000  
0.883958 0.045010 0.465396 0.000000  
0.016456 79.571190 -1.609497 1.000000  
0.908313 0.004333 0.418268 0.000000  
0.416746 -0.095233 -0.904021 0.000000  
0.035915 0.995446 -0.088307 0.000000  
-3.925493 -9.078552 6.299757 1.000000  
0.938302 -0.053492 0.341656 0.000000  
0.342508 0.007382 -0.939486 0.000000  
0.047733 0.998541 0.025248 0.000000  
-5.220852 -9.561546 -6.945352 1.000000  
0.964740 -0.087028 0.248404 0.000000  
0.257296 0.112928 -0.959712 0.000000  
0.055470 0.989785 0.131338 0.000000  
-5.990677 -8.711807 -20.208353 1.000000  
0.056894 0.996886 0.054608 0.000000  
-0.171937 -0.044096 0.984121 0.000000  
0.983464 -0.065380 0.168893 0.000000  
4.271971 134.676559 -9.829885 1.000000  
0.988094 -0.034373 0.149965 0.000000  
0.153745 0.184010 -0.970826 0.000000  
0.005775 0.982323 0.187104 0.000000  
2.899668 -8.304611 -28.111910 1.000000  
0.984108 0.033013 0.174474 0.000000  
0.172381 0.058159 -0.983312 0.000000  
-0.042609 0.997761 0.051544 0.000000  
10.925658 -9.361282 -4.813562 1.000000  
0.999735 0.016001 0.016562 0.000000  
0.017611 -0.067817 -0.997542 0.000000  
-0.014839 0.997569 -0.068081 0.000000  
1.385486 -13.184616 15.436657 1.000000  
0.879590 0.180633 -0.440106 0.000000  
0.473139 -0.235677 0.848879 0.000000  
0.049612 -0.954897 -0.292764 0.000000  
25.091713 155.980103 21.078405 1.000000  
0.330254 -0.943292 -0.033667 0.000000  
0.669332 0.259190 -0.696286 0.000000  
0.665528 0.207417 0.716974 0.000000  
-80.132095 180.427002 -113.493973 1.000000  
0.205450 -0.715363 0.667867 0.000000  
0.624709 -0.429447 -0.652160 0.000000  
0.753345 0.551209 0.358664 0.000000  
-82.731964 107.833977 -119.638252 1.000000  
-0.187444 -0.629346 0.754184 0.000000  
0.386694 -0.753070 -0.532309 0.000000  
0.902956 0.191860 0.384520 0.000000  
-47.321190 161.145935 -138.397766 1.000000  
-0.248665 -0.756620 0.604727 0.000000  
0.902067 -0.408287 -0.139916 0.000000  
0.352764 0.510711 0.784049 0.000000  
60.777096 130.397003 -178.891037 1.000000  
-0.337017 -0.926531 0.167211 0.000000  
0.899499 -0.264403 0.347834 0.000000  
-0.278072 0.267630 0.922528 0.000000  
181.002502 201.746155 -121.133362 1.000000  
-0.914086 -0.393124 -0.099561 0.000000  
0.383320 -0.757432 -0.528548 0.000000  
0.132371 -0.521297 0.843041 0.000000  
216.434219 239.349380 -60.544281 1.000000  
-0.440140 0.357798 -0.823572 0.000000  
0.377310 -0.758587 -0.531210 0.000000  
-0.814807 -0.544541 0.198879 0.000000  
286.286621 99.258209 187.661362 1.000000  
0.599753 0.659885 -0.452615 0.000000  
0.423173 -0.741622 -0.520501 0.000000  
-0.679133 0.120638 -0.724028 0.000000  
54.545338 -74.019501 269.458710 1.000000  
-0.914959 -0.385459 -0.119513 0.000000  
0.387946 -0.758524 -0.523584 0.000000  
0.111163 -0.525417 0.843546 0.000000  
220.310852 238.481537 -56.666069 1.000000  
-0.401540 0.372153 -0.836829 0.000000  
0.379362 -0.764059 -0.521822 0.000000  
-0.833574 -0.526986 0.165616 0.000000  
282.356750 93.881210 195.466034 1.000000  
0.657294 0.621693 -0.425999 0.000000  
0.377368 -0.760785 -0.528014 0.000000  
-0.652349 0.186301 -0.734659 0.000000  
41.117588 -76.431999 266.085297 1.000000  
-0.695250 0.235416 -0.679122 0.000000  
-0.718321 -0.194230 0.668050 0.000000  
0.025363 0.952289 0.304143 0.000000  
-21.660431 157.606430 13.982753 1.000000  
0.330778 0.756990 0.563517 0.000000  
0.266140 0.498066 -0.825288 0.000000  
-0.905404 0.422961 -0.036716 0.000000  
122.133255 132.694916 33.805473 1.000000  
0.375361 0.907917 -0.186521 0.000000  
0.053816 -0.222244 -0.973505 0.000000  
-0.925315 0.355378 -0.132282 0.000000  
132.900894 169.198654 -20.267878 1.000000  
0.028941 0.674831 -0.737402 0.000000  
0.176757 -0.729542 -0.660701 0.000000  
-0.983831 -0.111220 -0.140395 0.000000  
89.945450 221.320435 -104.685066 1.000000  
0.193939 0.868590 -0.455997 0.000000  
-0.566603 -0.280278 -0.774857 0.000000  
-0.800848 0.408644 0.437792 0.000000  
77.161415 167.900879 -159.999451 1.000000  
-0.125055 0.966772 -0.222952 0.000000  
-0.859827 -0.217731 -0.461837 0.000000  
-0.495042 0.133948 0.858486 0.000000  
-31.980778 231.249557 -186.404617 1.000000  
-0.784452 0.297311 -0.544272 0.000000  
0.177855 -0.732892 -0.656686 0.000000  
-0.594141 -0.611945 0.522044 0.000000  
-124.846359 237.587402 -182.126694 1.000000  
-0.937988 -0.329537 0.107580 0.000000  
0.182679 -0.733646 -0.654516 0.000000  
0.294611 -0.594284 0.748360 0.000000  
-305.141266 114.352463 -95.505173 1.000000  
-0.300029 -0.691870 0.656729 0.000000  
0.158786 -0.715065 -0.680785 0.000000  
0.940624 -0.099980 0.324404 0.000000  
-286.450684 -42.087105 86.527756 1.000000  
-0.845418 0.230503 -0.481795 0.000000  
0.172828 -0.735477 -0.655137 0.000000  
-0.505368 -0.637138 0.581952 0.000000  
-151.274567 229.473755 -180.739532 1.000000  
-0.852617 -0.445123 0.273675 0.000000  
0.177879 -0.739728 -0.648970 0.000000  
0.491319 -0.504649 0.709892 0.000000  
-321.680420 77.815262 -57.980072 1.000000  
0.015234 -0.659946 0.751147 0.000000  
0.183088 -0.736698 -0.650964 0.000000  
0.982987 0.147444 0.109608 0.000000  
-232.274445 -75.239990 138.543869 1.000000  
0.863535 -0.193916 0.465516 0.000000  
0.386361 -0.338843 -0.857852 0.000000  
0.324088 0.920642 -0.217681 0.000000  
-29.731775 -7.914070 18.915726 1.000000  
0.845590 -0.230216 0.481642 0.000000  
0.525379 0.518822 -0.674389 0.000000  
-0.094631 0.823301 0.559661 0.000000  
-6.756498 -2.739429 -23.826372 1.000000  
0.743145 -0.000002 0.669131 0.000000  
0.669131 -0.000006 -0.743145 0.000000  
0.000005 1.000000 -0.000003 0.000000  
-11.762360 0.000330 -6.218830 1.000000  
0.743145 -0.000001 0.669131 0.000000  
0.669130 -0.000006 -0.743145 0.000000  
0.000005 1.000000 -0.000004 0.000000  
-11.762360 0.000329 -6.218835 1.000000  
0.000000 1.000000 0.000000 0.000000  
-0.370211 0.000000 0.928948 0.000000  
0.928948 -0.000000 0.370211 0.000000  
35.918461 -0.000002 32.801186 1.000000  
0.000000 1.000000 0.000000 0.000000  
-0.669130 0.000000 0.743146 0.000000  
0.743146 -0.000000 0.669130 0.000000  
-38.228195 0.000000 -15.946484 1.000000  
0.161597 -0.706859 0.688649 0.000000  
-0.635052 0.459653 0.620828 0.000000  
-0.755377 -0.537652 -0.374614 0.000000  
77.539742 128.672195 -1.217201 1.000000  
0.345875 -0.935760 -0.068732 0.000000  
-0.656857 -0.293793 0.694424 0.000000  
-0.670007 -0.195036 -0.716276 0.000000  
64.455757 164.061981 1.385708 1.000000  
-0.308732 -0.743598 -0.593081 0.000000  
-0.277945 -0.525794 0.803920 0.000000  
-0.909632 0.413040 -0.044350 0.000000  
-52.778316 168.142502 -16.407307 1.000000  
-0.357459 -0.904442 0.232826 0.000000  
-0.034781 0.262016 0.964436 0.000000  
-0.933281 0.336648 -0.125117 0.000000  
-64.455399 140.019501 -38.837482 1.000000  
-0.005021 0.966958 0.254886 0.000000  
-0.153775 -0.252604 0.955272 0.000000  
0.988093 -0.034398 0.149962 0.000000  
5.812953 161.698898 -8.349576 1.000000  
-0.014817 0.997571 -0.068067 0.000000  
-0.017612 0.067803 0.997543 0.000000  
0.999735 0.015979 0.016564 0.000000  
-1.721390 161.394958 34.205112 1.000000  
0.036568 0.984335 -0.172476 0.000000  
-0.474052 0.169023 0.864121 0.000000  
0.879737 0.050163 0.472807 0.000000  
0.000001 79.129250 -1.531991 1.000000  
-0.293187 -0.625573 0.722983 0.000000  
0.878926 0.121200 0.461297 0.000000  
-0.376200 0.770695 0.514299 0.000000  
85.976425 91.799812 34.707298 1.000000  
0.071241 -0.639074 0.765836 0.000000  
-0.980791 -0.184668 -0.062865 0.000000  
0.181601 -0.746646 -0.639954 0.000000  
-83.127190 92.835091 -26.706455 1.000000  
-0.919484 -0.190806 0.343726 0.000000  
0.240165 0.419586 0.875368 0.000000  
-0.311246 0.887434 -0.339976 0.000000  
72.717819 103.037682 49.948826 1.000000  
-0.806549 -0.469979 -0.358613 0.000000  
-0.438517 0.068806 0.896088 0.000000  
-0.396465 0.879988 -0.261587 0.000000  
61.615211 100.733818 54.099369 1.000000  
-0.919620 -0.368822 -0.135203 0.000000  
0.094695 -0.542173 0.834909 0.000000  
-0.381236 0.754995 0.533518 0.000000  
70.685257 81.658951 66.676376 1.000000  
-0.400729 0.375529 -0.835709 0.000000  
-0.830790 -0.533485 0.158647 0.000000  
-0.386261 0.757873 0.525768 0.000000  
62.169651 78.243744 65.424385 1.000000  
0.686223 0.611153 -0.394462 0.000000  
-0.607096 0.182497 -0.773383 0.000000  
-0.400667 0.770189 0.496262 0.000000  
58.514717 81.668060 57.803276 1.000000  
0.462163 -0.342807 0.817853 0.000000  
-0.774911 0.292318 0.560423 0.000000  
-0.431188 -0.892765 -0.130546 0.000000  
-83.275101 104.450706 -6.713166 1.000000  
0.819912 -0.499179 0.280286 0.000000  
-0.362838 -0.074408 0.928880 0.000000  
-0.442822 -0.863298 -0.242129 0.000000  
-77.691910 100.310570 3.165102 1.000000  
0.809032 -0.269437 0.522361 0.000000  
-0.558770 -0.628263 0.541361 0.000000  
0.182317 -0.729858 -0.658838 0.000000  
-83.392342 81.863640 8.494548 1.000000  
0.925479 0.349638 -0.145702 0.000000  
0.336977 -0.584313 0.738268 0.000000  
0.172991 -0.732349 -0.658588 0.000000  
-75.899139 79.368492 13.332174 1.000000  
0.204345 0.667626 -0.715898 0.000000  
0.968811 -0.033183 0.245591 0.000000  
0.140207 -0.743754 -0.653583 0.000000  
-67.460358 82.556580 12.003654 1.000000  
0.867265 -0.194206 0.458395 0.000000  
-0.463532 -0.650916 0.601212 0.000000  
0.181618 -0.733891 -0.654537 0.000000  
-79.509842 66.525879 -4.810694 1.000000  
0.824764 0.473612 -0.308937 0.000000  
0.536859 -0.484251 0.690868 0.000000  
0.177600 -0.735658 -0.653655 0.000000  
-72.253769 64.901184 -0.975659 1.000000  
-0.119084 0.637441 -0.761229 0.000000  
0.976917 0.212210 0.024875 0.000000  
0.177397 -0.740695 -0.647998 0.000000  
-65.987717 68.499313 -3.322590 1.000000  
-0.922175 -0.353951 -0.155956 0.000000  
0.068868 -0.547020 0.834276 0.000000  
-0.380604 0.758608 0.528824 0.000000  
78.374840 65.786003 55.905365 1.000000  
-0.357996 0.402020 -0.842754 0.000000  
-0.851667 -0.510561 0.118229 0.000000  
-0.382746 0.760071 0.525165 0.000000  
70.660461 62.825100 54.600700 1.000000  
0.724712 0.595105 -0.347350 0.000000  
-0.576154 0.246850 -0.779168 0.000000  
-0.377944 0.764799 0.521767 0.000000  
67.940033 65.879288 48.197735 1.000000  
1.000000 0.000000 0.000000 0.000000  
0.000000 1.000000 0.000000 0.000000  
0.000000 0.000000 1.000000 0.000000  
0.000000 0.000000 0.000000 1.000000  
1.000000 0.000000 0.000000 0.000000  
0.000000 0.000000 -1.000000 0.000000  
0.000000 1.000000 0.000000 0.000000  
0.000000 0.000001 0.000000 1.000000  
0.000000 1.000000 0.000000 0.000000  
0.000000 -0.000000 1.000000 0.000000  
1.000000 0.000000 -0.000000 0.000000  
0.000001 0.000001 6.479099 1.000000  
0.878466 0.050164 0.475165 0.000000  
0.476368 -0.169023 -0.862847 0.000000  
0.037031 0.984335 -0.172378 0.000000  
-4.014670 -7.927765 15.081261 1.000000  
0.842755 0.322951 0.430659 0.000000  
0.523090 -0.302503 -0.796786 0.000000  
-0.127047 0.896769 -0.423869 0.000000  
11.330997 -6.545547 38.363850 1.000000  
0.844268 0.343867 0.411058 0.000000  
0.342908 0.242836 -0.907438 0.000000  
-0.411858 0.907076 0.087104 0.000000  
27.014080 -7.221760 10.314682 1.000000  
0.928944 -0.000018 0.370222 0.000000  
0.370221 -0.000348 -0.928943 0.000000  
0.000145 1.000000 -0.000317 0.000000  
15.477840 0.001188 13.381511 1.000000  
0.928947 0.000000 0.370212 0.000000  
0.370212 -0.000004 -0.928947 0.000000  
0.000001 1.000000 -0.000004 0.000000  
15.478262 0.005636 13.380272 1.000000  
-0.012364 0.997276 -0.072727 0.000000  
-0.469866 0.058408 0.880803 0.000000  
0.882651 0.045062 0.467864 0.000000  
0.016664 79.571190 -1.609049 1.000000  
0.906833 0.004806 0.421463 0.000000  
0.419953 -0.095604 -0.902496 0.000000  
0.035956 0.995408 -0.088715 0.000000  
-3.925659 -9.074715 6.342359 1.000000  
0.936748 -0.052472 0.346049 0.000000  
0.346835 0.006412 -0.937904 0.000000  
0.046995 0.998602 0.024206 0.000000  
-5.131227 -9.568535 -6.828561 1.000000  
0.963336 -0.085849 0.254192 0.000000  
0.262811 0.111311 -0.958405 0.000000  
0.053984 0.990071 0.129792 0.000000  
-5.810010 -8.745537 -20.027721 1.000000  
0.056198 0.997015 0.052943 0.000000  
-0.178639 -0.042131 0.983013 0.000000  
0.982309 -0.064701 0.175738 0.000000  
4.287776 134.669647 -9.860093 1.000000  
0.987010 -0.034118 0.156997 0.000000  
0.160598 0.182145 -0.970068 0.000000  
0.004500 0.982680 0.185258 0.000000  
3.028229 -8.345459 -27.881775 1.000000  
0.982922 0.034365 0.180784 0.000000  
0.178662 0.057145 -0.982249 0.000000  
-0.044086 0.997774 0.050030 0.000000  
11.095883 -9.354187 -4.643754 1.000000  
0.999657 0.014947 0.021503 0.000000  
0.022470 -0.067917 -0.997438 0.000000  
-0.013448 0.997579 -0.068229 0.000000  
1.016408 -13.148987 15.341051 1.000000  
0.882681 0.179761 -0.434235 0.000000  
0.467128 -0.234067 0.852646 0.000000  
0.051632 -0.955458 -0.290578 0.000000  
24.880304 156.032410 21.149220 1.000000  
0.332677 -0.942573 -0.029692 0.000000  
0.668404 0.257887 -0.697661 0.000000  
0.665254 0.212250 0.715813 0.000000  
-80.289352 179.567337 -113.175537 1.000000  
0.201851 -0.710511 0.674115 0.000000  
0.626592 -0.435315 -0.646439 0.000000  
0.752754 0.552880 0.357332 0.000000  
-82.288155 107.189102 -119.609619 1.000000  
-0.192122 -0.623883 0.757538 0.000000  
0.388915 -0.757116 -0.524901 0.000000  
0.901017 0.193773 0.388093 0.000000  
-46.486290 160.346527 -138.808624 1.000000  
-0.252642 -0.752148 0.608644 0.000000  
0.902449 -0.410035 -0.132124 0.000000  
0.348941 0.515890 0.782367 0.000000  
61.803593 129.221390 -178.494492 1.000000  
-0.338758 -0.925045 0.171854 0.000000  
0.897349 -0.262733 0.354585 0.000000  
-0.282860 0.274330 0.919098 0.000000  
181.776245 200.870026 -120.582184 1.000000  
-0.913882 -0.393025 -0.101796 0.000000  
0.385516 -0.761448 -0.521128 0.000000  
0.127300 -0.515489 0.847382 0.000000  
216.910706 238.866440 -60.065376 1.000000  
-0.435318 0.352395 -0.828450 0.000000  
0.379519 -0.762616 -0.523815 0.000000  
-0.816370 -0.542431 0.198235 0.000000  
285.281860 100.458351 189.493286 1.000000  
0.602807 0.656179 -0.453943 0.000000  
0.425339 -0.745617 -0.512975 0.000000  
-0.675064 0.116145 -0.728554 0.000000  
52.941898 -72.041992 271.235413 1.000000  
-0.914640 -0.385499 -0.121806 0.000000  
0.390114 -0.762509 -0.516131 0.000000  
0.106087 -0.519587 0.847800 0.000000  
220.765381 238.022461 -56.160065 1.000000  
-0.396633 0.366624 -0.841595 0.000000  
0.381516 -0.768024 -0.514378 0.000000  
-0.834939 -0.525094 0.164747 0.000000  
281.304596 95.139580 197.313812 1.000000  
0.660167 0.618125 -0.426746 0.000000  
0.379558 -0.764793 -0.520603 0.000000  
-0.648163 0.181709 -0.739498 0.000000  
39.530605 -74.466507 267.805634 1.000000  
-0.690431 0.234138 -0.684459 0.000000  
-0.723024 -0.192927 0.663336 0.000000  
0.023261 0.952869 0.302490 0.000000  
-21.820549 157.646698 13.720839 1.000000  
0.330377 0.759510 0.560354 0.000000  
0.273450 0.491206 -0.827008 0.000000  
-0.903370 0.426453 -0.045404 0.000000  
121.716957 132.301773 34.660782 1.000000  
0.377276 0.904611 -0.198345 0.000000  
0.058085 -0.236865 -0.969805 0.000000  
-0.924277 0.354364 -0.141908 0.000000  
132.925964 169.135269 -20.165401 1.000000  
0.033152 0.663674 -0.747284 0.000000  
0.178983 -0.739552 -0.648867 0.000000  
-0.983296 -0.112240 -0.143304 0.000000  
90.423973 220.032990 -105.553406 1.000000  
0.197063 0.861448 -0.468046 0.000000  
-0.563317 -0.291240 -0.773208 0.000000  
-0.802401 0.416030 0.427879 0.000000  
77.835426 165.804596 -160.120499 1.000000  
-0.122897 0.963458 -0.237989 0.000000  
-0.857921 -0.223691 -0.462532 0.000000  
-0.498873 0.147336 0.854063 0.000000  
-31.109314 228.869293 -187.980682 1.000000  
-0.781568 0.289976 -0.552319 0.000000  
0.180058 -0.742843 -0.644797 0.000000  
-0.597271 -0.603407 0.528372 0.000000  
-123.986427 235.371643 -184.231689 1.000000  
-0.938859 -0.326867 0.108125 0.000000  
0.184871 -0.743570 -0.642594 0.000000  
0.290439 -0.583324 0.758545 0.000000  
-304.824890 113.644852 -96.616455 1.000000  
-0.303881 -0.681625 0.665611 0.000000  
0.161122 -0.725358 -0.669250 0.000000  
