1660  
71 
1.000000 0.000000 0.000000 0.000000  
0.000000 1.000000 0.000000 0.000000  
0.000000 0.000000 1.000000 0.000000  
0.000000 0.000000 0.000000 1.000000  
1.000000 0.000000 0.000000 0.000000  
0.000000 0.000000 -1.000000 0.000000  
0.000000 1.000000 0.000000 0.000000  
0.000000 0.000001 0.000000 1.000000  
0.000000 1.000000 0.000000 0.000000  
0.000000 -0.000000 1.000000 0.000000  
1.000000 0.000000 -0.000000 0.000000  
0.000001 0.000001 6.479099 1.000000  
0.881438 0.050164 0.469628 0.000000  
0.470930 -0.169023 -0.865827 0.000000  
0.035945 0.984335 -0.172607 0.000000  
-3.910075 -7.927765 15.105648 1.000000  
0.845739 0.322699 0.424959 0.000000  
0.518199 -0.306780 -0.798345 0.000000  
-0.127256 0.895405 -0.426679 0.000000  
11.356801 -6.411987 38.618935 1.000000  
0.847199 0.343520 0.405277 0.000000  
0.338811 0.238238 -0.910192 0.000000  
-0.409221 0.908426 0.085446 0.000000  
26.883354 -7.237141 10.506699 1.000000  
0.928944 -0.000018 0.370221 0.000000  
0.370221 -0.000344 -0.928943 0.000000  
0.000144 1.000000 -0.000314 0.000000  
15.477551 0.000914 13.381285 1.000000  
0.928948 -0.000000 0.370211 0.000000  
0.370211 0.000000 -0.928948 0.000000  
0.000000 1.000000 -0.000000 0.000000  
15.477974 0.005365 13.380049 1.000000  
-0.012781 0.997287 -0.072497 0.000000  
-0.464073 0.058305 0.883876 0.000000  
0.885705 0.044941 0.462069 0.000000  
0.016176 79.571190 -1.609694 1.000000  
0.910285 0.003704 0.413965 0.000000  
0.412425 -0.094735 -0.906052 0.000000  
0.035861 0.995496 -0.087763 0.000000  
-3.925253 -9.083633 6.243397 1.000000  
0.940355 -0.054848 0.335744 0.000000  
0.336687 0.008685 -0.941576 0.000000  
0.048728 0.998457 0.026633 0.000000  
-5.341629 -9.551880 -7.100070 1.000000  
0.966568 -0.088588 0.240623 0.000000  
0.249888 0.115099 -0.961410 0.000000  
0.057474 0.989396 0.133388 0.000000  
-6.234289 -8.665977 -20.447441 1.000000  
0.057845 0.996707 0.056823 0.000000  
-0.162941 -0.046729 0.985529 0.000000  
0.984939 -0.066267 0.159702 0.000000  
4.250869 134.685730 -9.789135 1.000000  
0.989469 -0.034695 0.140524 0.000000  
0.144549 0.186499 -0.971763 0.000000  
0.007507 0.981843 0.189551 0.000000  
2.723923 -8.249420 -28.417118 1.000000  
0.985632 0.031236 0.165994 0.000000  
0.163946 0.059518 -0.984672 0.000000  
-0.040637 0.997738 0.053542 0.000000  
10.699413 -9.370071 -5.036829 1.000000  
0.999799 0.017423 0.009911 0.000000  
0.011069 -0.067669 -0.997646 0.000000  
-0.016712 0.997556 -0.067849 0.000000  
1.882184 -13.232117 15.557247 1.000000  
0.875381 0.181811 -0.447943 0.000000  
0.481155 -0.237816 0.843761 0.000000  
0.046877 -0.954143 -0.295659 0.000000  
25.374069 155.910461 20.980831 1.000000  
0.326966 -0.944235 -0.038904 0.000000  
0.670607 0.260827 -0.694446 0.000000  
0.665868 0.200971 0.718492 0.000000  
-79.918617 181.574753 -113.920593 1.000000  
0.210241 -0.721714 0.659490 0.000000  
0.622182 -0.421559 -0.659680 0.000000  
0.754114 0.549015 0.360408 0.000000  
-83.325012 108.677055 -119.668983 1.000000  
-0.181209 -0.636580 0.749623 0.000000  
0.383745 -0.747585 -0.542086 0.000000  
0.905484 0.189433 0.379751 0.000000  
-48.429962 162.189026 -137.840759 1.000000  
-0.243357 -0.762536 0.599433 0.000000  
0.901526 -0.405807 -0.150235 0.000000  
0.357812 0.503843 0.786202 0.000000  
59.409546 131.957336 -179.399551 1.000000  
-0.334668 -0.928480 0.161004 0.000000  
0.902316 -0.266473 0.338841 0.000000  
-0.271708 0.258674 0.926969 0.000000  
179.963196 202.920227 -121.850670 1.000000  
-0.914303 -0.393355 -0.096606 0.000000  
0.380404 -0.751985 -0.538342 0.000000  
0.139109 -0.528952 0.837167 0.000000  
215.787018 240.003265 -61.171623 1.000000  
-0.446530 0.364882 -0.816998 0.000000  
0.374375 -0.753123 -0.540971 0.000000  
-0.812682 -0.547416 0.199685 0.000000  
287.606201 97.697586 185.206177 1.000000  
0.595654 0.664840 -0.450772 0.000000  
0.420294 -0.736200 -0.530436 0.000000  
-0.684506 0.126499 -0.717942 0.000000  
56.674706 -76.631836 267.059418 1.000000  
-0.915330 -0.385506 -0.116479 0.000000  
0.385067 -0.753118 -0.533421 0.000000  
0.117911 -0.533103 0.837788 0.000000  
219.692719 239.104370 -57.329807 1.000000  
-0.408044 0.379410 -0.830399 0.000000  
0.376503 -0.758680 -0.531650 0.000000  
-0.831710 -0.529576 0.166723 0.000000  
283.739471 92.243088 192.988724 1.000000  
0.653433 0.626476 -0.424930 0.000000  
0.374460 -0.755352 -0.537796 0.000000  
-0.657880 0.192293 -0.728154 0.000000  
43.225761 -79.030090 263.760864 1.000000  
-0.701651 0.237108 -0.671912 0.000000  
-0.711963 -0.195981 0.674315 0.000000  
0.028203 0.951510 0.306322 0.000000  
-21.443144 157.552002 14.331853 1.000000  
0.331606 0.753370 0.567865 0.000000  
0.256470 0.507266 -0.822742 0.000000  
-0.907888 0.418466 -0.025004 0.000000  
122.669739 133.173508 32.651207 1.000000  
0.373228 0.911955 -0.170406 0.000000  
0.047840 -0.202353 -0.978144 0.000000  
-0.926505 0.356918 -0.119152 0.000000  
132.872284 169.217636 -20.426977 1.000000  
0.023546 0.689709 -0.723700 0.000000  
0.173296 -0.715759 -0.676503 0.000000  
-0.984591 -0.109487 -0.136377 0.000000  
89.326065 222.994171 -103.492722 1.000000  
0.190133 0.877901 -0.439468 0.000000  
-0.571239 -0.265133 -0.776781 0.000000  
-0.798463 0.398733 0.451085 0.000000  
76.244949 170.694885 -159.799332 1.000000  
-0.127470 0.970957 -0.202455 0.000000  
-0.862527 -0.209299 -0.460698 0.000000  
-0.489699 0.115901 0.864158 0.000000  
-33.128548 234.440277 -184.217682 1.000000  
-0.788210 0.307398 -0.533123 0.000000  
0.174423 -0.719189 -0.672565 0.000000  
-0.590171 -0.623117 0.513259 0.000000  
-125.971466 240.582062 -179.222229 1.000000  
-0.936943 -0.332744 0.106813 0.000000  
0.179261 -0.719982 -0.670441 0.000000  
0.299986 -0.609026 0.734239 0.000000  
-305.583496 115.403091 -93.980522 1.000000  
-0.295124 -0.705421 0.644421 0.000000  
0.155182 -0.700898 -0.696175 0.000000  
0.942774 -0.105459 0.316325 0.000000  
-285.572113 -44.681488 84.712357 1.000000  
-0.848708 0.239264 -0.471631 0.000000  
0.169409 -0.721811 -0.671036 0.000000  
-0.500992 -0.649419 0.572078 0.000000  
-152.381927 232.411224 -177.832474 1.000000  
-0.850396 -0.451582 0.269979 0.000000  
0.174503 -0.726180 -0.664989 0.000000  
0.496353 -0.518400 0.696353 0.000000  
-321.845581 78.091713 -57.101639 1.000000  
0.020701 -0.675056 0.737465 0.000000  
0.179696 -0.723105 -0.666955 0.000000  
0.983513 0.146328 0.106338 0.000000  
-231.031342 -78.821579 135.698715 1.000000  
0.865377 -0.193508 0.462252 0.000000  
0.384077 -0.336385 -0.859843 0.000000  
0.321881 0.921629 -0.216779 0.000000  
-29.529112 -7.995491 18.836548 1.000000  
0.847551 -0.229846 0.478361 0.000000  
0.522353 0.520647 -0.675332 0.000000  
-0.093835 0.822252 0.561335 0.000000  
-6.718643 -2.708904 -23.948179 1.000000  
0.743146 -0.000000 0.669130 0.000000  
0.669130 0.000001 -0.743145 0.000000  
-0.000000 1.000000 0.000001 0.000000  
-11.761795 0.000013 -6.218554 1.000000  
0.743146 -0.000000 0.669130 0.000000  
0.669130 0.000001 -0.743145 0.000000  
-0.000000 1.000000 0.000001 0.000000  
-11.761795 0.000019 -6.218562 1.000000  
0.000000 1.000000 0.000000 0.000000  
-0.370211 0.000000 0.928948 0.000000  
0.928948 -0.000000 0.370211 0.000000  
35.918461 -0.000002 32.801186 1.000000  
0.000000 1.000000 0.000000 0.000000  
-0.669130 0.000000 0.743146 0.000000  
0.743146 -0.000000 0.669130 0.000000  
-38.228195 0.000000 -15.946484 1.000000  
0.166569 -0.713445 0.680625 0.000000  
-0.632824 0.452004 0.628670 0.000000  
-0.756167 -0.535433 -0.376195 0.000000  
77.504814 128.627075 -1.861741 1.000000  
0.342668 -0.936539 -0.073987 0.000000  
-0.658230 -0.295537 0.692381 0.000000  
-0.670308 -0.188556 -0.717729 0.000000  
64.545441 164.046082 0.936386 1.000000  
-0.309899 -0.739599 -0.597458 0.000000  
-0.268334 -0.534813 0.801232 0.000000  
-0.912118 0.408619 -0.032721 0.000000  
-52.840462 168.162064 -15.734735 1.000000  
-0.355660 -0.909241 0.216302 0.000000  
-0.028819 0.241993 0.969850 0.000000  
-0.934171 0.338703 -0.112271 0.000000  
-64.560547 140.191147 -38.330048 1.000000  
-0.002674 0.966301 0.257401 0.000000  
-0.144719 -0.255066 0.956032 0.000000  
0.989469 -0.034695 0.140524 0.000000  
5.818840 161.702911 -8.248871 1.000000  
-0.016712 0.997556 -0.067849 0.000000  
-0.011071 0.067669 0.997646 0.000000  
0.999799 0.017423 0.009913 0.000000  
-1.346486 161.339767 34.365444 1.000000  
0.035945 0.984335 -0.172607 0.000000  
-0.470930 0.169023 0.865827 0.000000  
0.881438 0.050163 0.469628 0.000000  
0.000001 79.129250 -1.532129 1.000000  
-0.287195 -0.632633 0.719236 0.000000  
0.882050 0.118120 0.456104 0.000000  
-0.373503 0.765393 0.524090 0.000000  
86.192749 91.415054 33.638466 1.000000  
0.077004 -0.654390 0.752223 0.000000  
-0.980956 -0.184668 -0.060231 0.000000  
0.178326 -0.733259 -0.656148 0.000000  
-83.111145 92.766754 -27.048134 1.000000  
-0.916750 -0.195248 0.348501 0.000000  
0.245867 0.411804 0.877478 0.000000  
-0.314838 0.890109 -0.329514 0.000000  
73.031906 102.491814 49.075710 1.000000  
-0.808518 -0.467733 -0.357114 0.000000  
-0.432121 0.059944 0.899824 0.000000  
-0.399467 0.881832 -0.250581 0.000000  
61.962906 100.134354 53.283569 1.000000  
-0.920091 -0.368809 -0.131998 0.000000  
0.101404 -0.549736 0.829156 0.000000  
-0.378363 0.749513 0.543205 0.000000  
71.145203 80.958725 65.615822 1.000000  
-0.407276 0.382665 -0.829282 0.000000  
-0.828891 -0.536121 0.159695 0.000000  
-0.383485 0.752423 0.535536 0.000000  
62.625362 77.543640 64.393555 1.000000  
0.682620 0.615693 -0.393654 0.000000  
-0.612834 0.188860 -0.767306 0.000000  
-0.398079 0.765022 0.506236 0.000000  
58.911823 81.032776 56.832165 1.000000  
0.468008 -0.358723 0.807640 0.000000  
-0.771529 0.279813 0.571365 0.000000  
-0.430948 -0.890516 -0.145810 0.000000  
-83.138863 103.968689 -6.831087 1.000000  
0.822410 -0.503558 0.264702 0.000000  
-0.356630 -0.093828 0.929526 0.000000  
-0.443234 -0.858851 -0.256749 0.000000  
-77.488052 99.637405 2.920495 1.000000  
0.812808 -0.278900 0.511419 0.000000  
-0.554399 -0.639895 0.532153 0.000000  
0.178836 -0.716068 -0.674733 0.000000  
-83.137360 81.086739 7.907326 1.000000  
0.924199 0.353539 -0.144408 0.000000  
0.342219 -0.598848 0.724074 0.000000  
0.169509 -0.718606 -0.674441 0.000000  
-75.610931 78.504189 12.642950 1.000000  
0.199097 0.682264 -0.703469 0.000000  
0.970393 -0.037069 0.238692 0.000000  
0.136774 -0.730163 -0.669443 0.000000  
-67.184097 81.727753 11.326235 1.000000  
0.870506 -0.202332 0.448634 0.000000  
-0.458775 -0.663607 0.590899 0.000000  
0.178159 -0.720202 -0.670498 0.000000  
-79.328484 66.033760 -5.725874 1.000000  
0.822381 0.480658 -0.304375 0.000000  
0.541626 -0.497693 0.677465 0.000000  
0.174144 -0.721991 -0.669629 0.000000  
-72.046455 64.341202 -1.972927 1.000000  
-0.124850 0.652599 -0.747334 0.000000  
0.976796 0.213001 0.022816 0.000000  
0.174072 -0.727144 -0.664049 0.000000  
-65.799217 67.992531 -4.285117 1.000000  
-0.922814 -0.353752 -0.152591 0.000000  
0.075582 -0.554611 0.828665 0.000000  
-0.377770 0.753170 0.538540 0.000000  
78.775185 65.198433 54.645058 1.000000  
-0.364629 0.409281 -0.836391 0.000000  
-0.850091 -0.512854 0.119641 0.000000  
-0.379980 0.754632 0.534927 0.000000  
71.055588 62.239201 53.368591 1.000000  
0.721462 0.599261 -0.346972 0.000000  
-0.582018 0.253301 -0.772713 0.000000  
-0.375168 0.759426 0.531528 0.000000  
68.285675 65.348312 47.014923 1.000000  
1.000000 0.000000 0.000000 0.000000  
0.000000 1.000000 0.000000 0.000000  
0.000000 0.000000 1.000000 0.000000  
0.000000 0.000000 0.000000 1.000000  
1.000000 0.000000 0.000000 0.000000  
0.000000 0.000000 -1.000000 0.000000  
0.000000 1.000000 0.000000 0.000000  
0.000000 0.000001 0.000000 1.000000  
0.000000 1.000000 0.000000 0.000000  
0.000000 -0.000000 1.000000 0.000000  
1.000000 0.000000 -0.000000 0.000000  
0.000001 0.000001 6.479099 1.000000  
0.880561 0.050164 0.471270 0.000000  
0.472543 -0.169023 -0.864948 0.000000  
0.036267 0.984335 -0.172540 0.000000  
-3.941069 -7.927765 15.098425 1.000000  
0.844858 0.322779 0.426648 0.000000  
0.519650 -0.305518 -0.797886 0.000000  
-0.127192 0.895808 -0.425852 0.000000  
11.348937 -6.451569 38.543823 1.000000  
0.846334 0.343628 0.406990 0.000000  
0.340025 0.239602 -0.909381 0.000000  
-0.410004 0.908026 0.085941 0.000000  
26.922102 -7.232670 10.449765 1.000000  
0.928944 -0.000018 0.370221 0.000000  
0.370221 -0.000346 -0.928943 0.000000  
0.000145 1.000000 -0.000315 0.000000  
15.477695 0.001053 13.381393 1.000000  
0.928948 0.000000 0.370212 0.000000  
0.370212 -0.000002 -0.928947 0.000000  
0.000001 1.000000 -0.000002 0.000000  
15.478121 0.005504 13.380154 1.000000  
-0.012657 0.997284 -0.072561 0.000000  
-0.465791 0.058332 0.882970 0.000000  
0.884804 0.044973 0.463788 0.000000  
0.016321 79.571190 -1.609572 1.000000  
0.909269 0.004022 0.416189 0.000000  
0.414658 -0.094984 -0.905006 0.000000  
0.035892 0.995471 -0.088034 0.000000  
-3.925630 -9.081078 6.271532 1.000000  
0.939299 -0.054156 0.338800 0.000000  
0.339696 0.008021 -0.940501 0.000000  
0.048216 0.998500 0.025931 0.000000  
-5.279428 -9.556839 -7.021467 1.000000  
0.965631 -0.087789 0.244644 0.000000  
0.253717 0.113985 -0.960539 0.000000  
0.056439 0.989596 0.132341 0.000000  
-6.108416 -8.689545 -20.325169 1.000000  
0.057352 0.996800 0.055684 0.000000  
-0.167589 -0.045372 0.984813 0.000000  
0.984188 -0.065813 0.164450 0.000000  
4.261857 134.681061 -9.809708 1.000000  
0.988770 -0.034531 0.145401 0.000000  
0.149299 0.185212 -0.971291 0.000000  
0.006610 0.982092 0.188287 0.000000  
2.815195 -8.277985 -28.258846 1.000000  
0.984855 0.032152 0.170374 0.000000  
0.168303 0.058815 -0.983979 0.000000  
-0.041658 0.997751 0.052513 0.000000  
10.816641 -9.365540 -4.921217 1.000000  
0.999772 0.016686 0.013344 0.000000  
0.014446 -0.067747 -0.997598 0.000000  
-0.015742 0.997563 -0.067973 0.000000  
1.625199 -13.207489 15.496555 1.000000  
0.877564 0.181199 -0.443902 0.000000  
0.477022 -0.236712 0.846414 0.000000  
0.048293 -0.954534 -0.294166 0.000000  
25.228552 155.946487 21.032160 1.000000  
0.328669 -0.943751 -0.036199 0.000000  
0.669947 0.259987 -0.695397 0.000000  
0.665693 0.204305 0.717713 0.000000  
-80.028664 180.981186 -113.700600 1.000000  
0.207775 -0.718448 0.663823 0.000000  
0.623489 -0.425639 -0.655815 0.000000  
0.753718 0.550149 0.359507 0.000000  
-83.018867 108.242874 -119.652794 1.000000  
-0.184423 -0.632854 0.751989 0.000000  
0.385273 -0.750426 -0.537052 0.000000  
0.904185 0.190676 0.382215 0.000000  
-47.857971 161.652863 -138.129105 1.000000  
-0.246093 -0.759491 0.602175 0.000000  
0.901813 -0.407101 -0.144917 0.000000  
0.355207 0.507386 0.785104 0.000000  
60.115944 131.152847 -179.139191 1.000000  
-0.335877 -0.927481 0.164210 0.000000  
0.900870 -0.265419 0.343484 0.000000  
-0.274995 0.263298 0.924695 0.000000  
180.500656 202.314301 -121.481979 1.000000  
-0.914195 -0.393230 -0.098130 0.000000  
0.381915 -0.754807 -0.533300 0.000000  
0.135636 -0.525012 0.840212 0.000000  
216.122177 239.665558 -60.848366 1.000000  
-0.443238 0.361238 -0.820403 0.000000  
0.375896 -0.755953 -0.535946 0.000000  
-0.813781 -0.545930 0.199275 0.000000  
286.927948 98.499474 186.476532 1.000000  
0.597769 0.662285 -0.451732 0.000000  
0.421786 -0.739009 -0.525321 0.000000  
-0.681739 0.123486 -0.721093 0.000000  
55.578083 -75.286804 268.303040 1.000000  
-0.915142 -0.385475 -0.118044 0.000000  
0.386559 -0.755918 -0.528356 0.000000  
0.114433 -0.529147 0.840773 0.000000  
220.012939 238.782623 -56.987705 1.000000  
-0.404693 0.375677 -0.833729 0.000000  
0.377985 -0.761467 -0.526590 0.000000  
-0.832674 -0.528236 0.166157 0.000000  
283.028564 93.084900 194.270660 1.000000  
0.655425 0.624009 -0.425490 0.000000  
0.375967 -0.758166 -0.532760 0.000000  
-0.655031 0.189213 -0.731521 0.000000  
42.139977 -77.692291 264.965820 1.000000  
-0.698354 0.236235 -0.675644 0.000000  
-0.715253 -0.195074 0.671089 0.000000  
0.026734 0.951913 0.305199 0.000000  
-21.555592 157.580322 14.152465 1.000000  
0.331197 0.755229 0.565629 0.000000  
0.261470 0.502527 -0.824076 0.000000  
-0.906610 0.420826 -0.031034 0.000000  
122.394012 132.919098 33.245346 1.000000  
0.374333 0.909907 -0.178727 0.000000  
0.050934 -0.212625 -0.975806 0.000000  
-0.925894 0.356173 -0.125938 0.000000  
132.886581 169.203476 -20.342823 1.000000  
0.026338 0.682070 -0.730809 0.000000  
0.175090 -0.722911 -0.668389 0.000000  
-0.984203 -0.110355 -0.138463 0.000000  
89.645874 222.130707 -104.110680 1.000000  
0.192102 0.873137 -0.448018 0.000000  
-0.568841 -0.272940 -0.775836 0.000000  
-0.799703 0.403892 0.444249 0.000000  
76.718628 169.251312 -159.908722 1.000000  
-0.126223 0.968853 -0.213041 0.000000  
-0.861133 -0.213631 -0.461317 0.000000  
-0.492468 0.125231 0.861278 0.000000  
-32.535839 232.798920 -185.354050 1.000000  
-0.786270 0.302236 -0.538909 0.000000  
0.176203 -0.726299 -0.664410 0.000000  
-0.592228 -0.617368 0.517816 0.000000  
-125.391037 239.045197 -180.729065 1.000000  
-0.937488 -0.331077 0.107209 0.000000  
0.181033 -0.727073 -0.662263 0.000000  
0.297206 -0.601463 0.741567 0.000000  
-305.357300 114.868248 -94.771835 1.000000  
-0.297664 -0.698458 0.650805 0.000000  
0.157050 -0.708246 -0.688275 0.000000  
0.941666 -0.102669 0.320516 0.000000  
-286.029266 -43.345184 85.654282 1.000000  
-0.847010 0.234785 -0.476906 0.000000  
0.171181 -0.728902 -0.662871 0.000000  
-0.503259 -0.643102 0.577201 0.000000  
-151.810791 230.904282 -179.340759 1.000000  
-0.851550 -0.448247 0.271896 0.000000  
0.176254 -0.733211 -0.656762 0.000000  
0.493750 -0.511350 0.703380 0.000000  
-321.762817 77.954773 -57.557606 1.000000  
0.017872 -0.667298 0.744565 0.000000  
0.181454 -0.730159 -0.658743 0.000000  
0.983246 0.146879 0.108037 0.000000  
-231.676849 -76.979645 137.175095 1.000000  
0.864428 -0.193717 0.463937 0.000000  
0.385258 -0.337654 -0.858817 0.000000  
0.323018 0.921121 -0.217246 0.000000  
-29.633471 -7.953560 18.877605 1.000000  
0.846541 -0.230036 0.480055 0.000000  
0.523914 0.519705 -0.674848 0.000000  
-0.094248 0.822794 0.560470 0.000000  
-6.737978 -2.724743 -23.885164 1.000000  
0.743146 -0.000001 0.669130 0.000000  
0.669130 -0.000001 -0.743145 0.000000  
0.000001 1.000000 -0.000000 0.000000  
-11.761942 0.000090 -6.218630 1.000000  
0.743146 -0.000001 0.669130 0.000000  
0.669130 -0.000001 -0.743145 0.000000  
0.000001 1.000000 -0.000001 0.000000  
-11.761940 0.000093 -6.218637 1.000000  
0.000000 1.000000 0.000000 0.000000  
-0.370211 0.000000 0.928948 0.000000  
0.928948 -0.000000 0.370211 0.000000  
35.918461 -0.000002 32.801186 1.000000  
0.000000 1.000000 0.000000 0.000000  
-0.669130 0.000000 0.743146 0.000000  
0.743146 -0.000000 0.669130 0.000000  
-38.228195 0.000000 -15.946484 1.000000  
0.164032 -0.710042 0.684787 0.000000  
-0.633996 0.455947 0.624629 0.000000  
-0.755740 -0.536612 -0.375374 0.000000  
77.522285 128.650665 -1.528217 1.000000  
0.344338 -0.936135 -0.071289 0.000000  
-0.657514 -0.294660 0.693434 0.000000  
-0.670154 -0.191902 -0.716985 0.000000  
64.498795 164.054459 1.168857 1.000000  
-0.309316 -0.741658 -0.595204 0.000000  
-0.273309 -0.530159 0.802642 0.000000  
-0.910838 0.410944 -0.038715 0.000000  
-52.807346 168.151825 -16.081375 1.000000  
-0.356778 -0.906753 0.224742 0.000000  
-0.031882 0.252253 0.967136 0.000000  
-0.933645 0.337887 -0.118907 0.000000  
-64.505722 140.102814 -38.591480 1.000000  
-0.003895 0.966641 0.256105 0.000000  
-0.149395 -0.253795 0.955651 0.000000  
0.988770 -0.034539 0.145399 0.000000  
5.816130 161.700867 -8.300307 1.000000  
-0.015735 0.997563 -0.067969 0.000000  
-0.014447 0.067744 0.997598 0.000000  
0.999772 0.016680 0.013346 0.000000  
-1.539675 161.368240 34.282803 1.000000  
0.036267 0.984335 -0.172540 0.000000  
-0.472542 0.169023 0.864948 0.000000  
0.880561 0.050163 0.471270 0.000000  
0.000001 79.129250 -1.532037 1.000000  
-0.290288 -0.628991 0.721186 0.000000  
0.880433 0.119721 0.458803 0.000000  
-0.374924 0.768140 0.519030 0.000000  
86.080124 91.614983 34.190796 1.000000  
0.074080 -0.646521 0.759288 0.000000  
-0.980868 -0.184694 -0.061566 0.000000  
0.180039 -0.740201 -0.647834 0.000000  
-83.120422 92.804779 -26.872309 1.000000  
-0.918169 -0.192964 0.346029 0.000000  
0.242896 0.415836 0.876403 0.000000  
-0.313004 0.888731 -0.334936 0.000000  
72.868820 102.774742 49.526482 1.000000  
-0.807497 -0.468904 -0.357888 0.000000  
-0.435431 0.064530 0.897910 0.000000  
-0.397935 0.880886 -0.256281 0.000000  
61.782516 100.444855 53.704578 1.000000  
-0.919844 -0.368827 -0.133656 0.000000  
0.097945 -0.545829 0.832148 0.000000  
-0.379872 0.752354 0.538202 0.000000  
70.906647 81.321732 66.163216 1.000000  
-0.403914 0.378967 -0.832618 0.000000  
-0.829855 -0.534784 0.159166 0.000000  
-0.384952 0.755241 0.530494 0.000000  
62.389057 77.906479 64.925568 1.000000  
0.684484 0.613353 -0.394068 0.000000  
-0.609862 0.185577 -0.770469 0.000000  
-0.399439 0.767700 0.501085 0.000000  
58.705868 81.361977 57.333427 1.000000  
0.465058 -0.350524 0.812926 0.000000  
-0.773265 0.286257 0.565799 0.000000  
-0.431030 -0.891732 -0.137921 0.000000  
-83.209389 104.219513 -6.771735 1.000000  
0.821177 -0.501285 0.272722 0.000000  
-0.359799 -0.083842 0.929259 0.000000  
-0.442958 -0.861210 -0.249211 0.000000  
-77.593491 99.986977 3.044613 1.000000  
0.810905 -0.274019 0.517047 0.000000  
-0.556596 -0.633943 0.536962 0.000000  
0.180640 -0.723211 -0.666585 0.000000  
-83.269791 81.490822 8.207832 1.000000  
0.924871 0.351502 -0.145071 0.000000  
0.339496 -0.591404 0.731437 0.000000  
0.171306 -0.725735 -0.666305 0.000000  
-75.760567 78.953407 12.995762 1.000000  
0.201823 0.674742 -0.709917 0.000000  
0.969579 -0.035110 0.242272 0.000000  
0.138546 -0.737215 -0.661300 0.000000  
-67.327499 82.158432 11.672999 1.000000  
0.868868 -0.198142 0.453651 0.000000  
-0.461175 -0.657102 0.596275 0.000000  
0.179948 -0.727297 -0.662313 0.000000  
-79.423752 66.291687 -5.255542 1.000000  
0.823640 0.477000 -0.306714 0.000000  
0.539131 -0.490834 0.684423 0.000000  
0.175924 -0.729077 -0.661436 0.000000  
-72.155159 64.634148 -1.460502 1.000000  
-0.121935 0.644810 -0.754542 0.000000  
0.976852 0.212629 0.023846 0.000000  
0.175814 -0.734168 -0.655811 0.000000  
-65.898140 68.257797 -3.790502 1.000000  
-0.922480 -0.353867 -0.154332 0.000000  
0.072121 -0.550689 0.831584 0.000000  
-0.379259 0.755989 0.533521 0.000000  
78.567375 65.503479 55.295998 1.000000  
-0.361223 0.405520 -0.839695 0.000000  
-0.850889 -0.511695 0.118922 0.000000  
-0.381442 0.757444 0.529888 0.000000  
70.850540 62.543285 54.004948 1.000000  
0.723143 0.597120 -0.347163 0.000000  
-0.578982 0.249972 -0.776070 0.000000  
-0.376626 0.762211 0.526487 0.000000  
68.106247 65.623894 47.625893 1.000000  
1.000000 0.000000 0.000000 0.000000  
0.000000 1.000000 0.000000 0.000000  
0.000000 0.000000 1.000000 0.000000  
0.000000 0.000000 0.000000 1.000000  
1.000000 0.000000 0.000000 0.000000  
0.000000 0.000000 -1.000000 0.000000  
0.000000 1.000000 0.000000 0.000000  
0.000000 0.000001 0.000000 1.000000  
0.000000 1.000000 0.000000 0.000000  
0.000000 -0.000000 1.000000 0.000000  
1.000000 0.000000 -0.000000 0.000000  
0.000001 0.000001 6.479099 1.000000  
0.879737 0.050164 0.472807 0.000000  
0.474053 -0.169023 -0.864121 0.000000  
0.036568 0.984335 -0.172476 0.000000  
-3.970111 -7.927765 15.091562 1.000000  
0.844028 0.322856 0.428229 0.000000  
0.521011 -0.304337 -0.797449 0.000000  
-0.127135 0.896182 -0.425081 0.000000  
11.341959 -6.488419 38.473759 1.000000  
0.845518 0.343732 0.408593 0.000000  
0.341159 0.240881 -0.908618 0.000000  
-0.410743 0.907648 0.086402 0.000000  
26.958895 -7.228252 10.396667 1.000000  
0.928943 -0.000018 0.370222 0.000000  
0.370222 -0.000351 -0.928943 0.000000  
0.000146 1.000000 -0.000320 0.000000  
15.478052 0.001410 13.381691 1.000000  
0.928947 0.000000 0.370213 0.000000  
0.370213 -0.000007 -0.928947 0.000000  
0.000002 1.000000 -0.000007 0.000000  
15.478474 0.005857 13.380451 1.000000  
-0.012539 0.997281 -0.072621 0.000000  
-0.467400 0.058358 0.882118 0.000000  
0.883957 0.045004 0.465397 0.000000  
0.016456 79.571190 -1.609497 1.000000  
0.908312 0.004320 0.418271 0.000000  
0.416748 -0.095218 -0.904021 0.000000  
0.035922 0.995447 -0.088288 0.000000  
-3.926135 -9.078674 6.297848 1.000000  
0.938300 -0.053507 0.341659 0.000000  
0.342512 0.007401 -0.939484 0.000000  
0.047740 0.998540 0.025271 0.000000  
-5.221574 -9.561401 -6.947701 1.000000  
0.964738 -0.087039 0.248405 0.000000  
0.257300 0.112945 -0.959709 0.000000  
0.055476 0.989782 0.131357 0.000000  
-5.991211 -8.711441 -20.210234 1.000000  
0.056897 0.996885 0.054616 0.000000  
-0.171939 -0.044104 0.984120 0.000000  
0.983463 -0.065384 0.168893 0.000000  
4.272290 134.676682 -9.828979 1.000000  
0.988094 -0.034373 0.149965 0.000000  
0.153745 0.184010 -0.970826 0.000000  
0.005775 0.982324 0.187104 0.000000  
2.900025 -8.304535 -28.110779 1.000000  
0.984108 0.033013 0.174474 0.000000  
0.172382 0.058159 -0.983312 0.000000  
-0.042609 0.997761 0.051544 0.000000  
10.926004 -9.361191 -4.812408 1.000000  
0.999735 0.016001 0.016561 0.000000  
0.017611 -0.067817 -0.997542 0.000000  
-0.014838 0.997570 -0.068081 0.000000  
1.385832 -13.184540 15.437809 1.000000  
0.879590 0.180632 -0.440106 0.000000  
0.473138 -0.235677 0.848879 0.000000  
0.049612 -0.954897 -0.292764 0.000000  
25.092098 155.980209 21.079531 1.000000  
0.330254 -0.943292 -0.033667 0.000000  
0.669332 0.259190 -0.696287 0.000000  
0.665527 0.207417 0.716974 0.000000  
-80.131653 180.427155 -113.492851 1.000000  
0.205450 -0.715363 0.667867 0.000000  
0.624709 -0.429447 -0.652161 0.000000  
0.753345 0.551209 0.358664 0.000000  
-82.731560 107.834106 -119.637115 1.000000  
-0.187444 -0.629346 0.754184 0.000000  
0.386694 -0.753071 -0.532309 0.000000  
0.902956 0.191860 0.384520 0.000000  
-47.320763 161.146057 -138.396652 1.000000  
-0.248666 -0.756620 0.604727 0.000000  
0.902066 -0.408288 -0.139917 0.000000  
0.352764 0.510711 0.784049 0.000000  
60.777504 130.397079 -178.889954 1.000000  
-0.337017 -0.926531 0.167211 0.000000  
0.899499 -0.264403 0.347834 0.000000  
-0.278072 0.267631 0.922528 0.000000  
181.002869 201.746231 -121.132278 1.000000  
-0.914086 -0.393124 -0.099561 0.000000  
0.383320 -0.757432 -0.528548 0.000000  
0.132370 -0.521297 0.843041 0.000000  
216.434601 239.349442 -60.543182 1.000000  
-0.440140 0.357798 -0.823572 0.000000  
0.377310 -0.758587 -0.531210 0.000000  
-0.814807 -0.544541 0.198879 0.000000  
286.286926 99.258240 187.662476 1.000000  
0.599753 0.659885 -0.452615 0.000000  
0.423173 -0.741622 -0.520502 0.000000  
-0.679132 0.120638 -0.724028 0.000000  
54.545609 -74.019447 269.459900 1.000000  
-0.914959 -0.385459 -0.119513 0.000000  
0.387946 -0.758524 -0.523584 0.000000  
0.111163 -0.525417 0.843546 0.000000  
220.311218 238.481598 -56.664974 1.000000  
-0.401540 0.372153 -0.836829 0.000000  
0.379362 -0.764059 -0.521822 0.000000  
-0.833574 -0.526986 0.165616 0.000000  
282.356995 93.881256 195.467163 1.000000  
0.657294 0.621693 -0.425999 0.000000  
0.377368 -0.760786 -0.528014 0.000000  
-0.652348 0.186301 -0.734659 0.000000  
41.117851 -76.431946 266.086487 1.000000  
-0.695249 0.235416 -0.679122 0.000000  
-0.718321 -0.194230 0.668050 0.000000  
0.025364 0.952289 0.304143 0.000000  
-21.660038 157.606567 13.983888 1.000000  
0.330778 0.756990 0.563517 0.000000  
0.266140 0.498066 -0.825288 0.000000  
-0.905403 0.422961 -0.036716 0.000000  
122.133591 132.695023 33.806580 1.000000  
0.375362 0.907917 -0.186521 0.000000  
0.053816 -0.222244 -0.973505 0.000000  
-0.925314 0.355379 -0.132282 0.000000  
132.901260 169.198746 -20.266794 1.000000  
0.028942 0.674831 -0.737402 0.000000  
0.176757 -0.729542 -0.660701 0.000000  
-0.983831 -0.111220 -0.140395 0.000000  
89.945862 221.320526 -104.683990 1.000000  
0.193939 0.868590 -0.455997 0.000000  
-0.566602 -0.280279 -0.774857 0.000000  
-0.800848 0.408645 0.437792 0.000000  
77.161812 167.900970 -159.998398 1.000000  
-0.125055 0.966772 -0.222952 0.000000  
-0.859826 -0.217731 -0.461837 0.000000  
-0.495042 0.133948 0.858486 0.000000  
-31.980339 231.249695 -186.403534 1.000000  
-0.784452 0.297311 -0.544271 0.000000  
0.177855 -0.732892 -0.656686 0.000000  
-0.594141 -0.611945 0.522044 0.000000  
-124.845901 237.587555 -182.125626 1.000000  
-0.937988 -0.329537 0.107581 0.000000  
0.182679 -0.733647 -0.654516 0.000000  
0.294610 -0.594284 0.748360 0.000000  
-305.140808 114.352661 -95.504036 1.000000  
-0.300029 -0.691870 0.656729 0.000000  
0.158786 -0.715065 -0.680785 0.000000  
0.940624 -0.099980 0.324404 0.000000  
-286.450317 -42.086929 86.528908 1.000000  
-0.845418 0.230503 -0.481795 0.000000  
0.172828 -0.735477 -0.655137 0.000000  
-0.505368 -0.637138 0.581953 0.000000  
-151.274078 229.473907 -180.738449 1.000000  
-0.852617 -0.445123 0.273676 0.000000  
0.177879 -0.739728 -0.648970 0.000000  
0.491318 -0.504650 0.709892 0.000000  
-321.679932 77.815453 -57.978924 1.000000  
0.015234 -0.659946 0.751148 0.000000  
0.183088 -0.736699 -0.650964 0.000000  
0.982987 0.147444 0.109607 0.000000  
-232.274078 -75.239845 138.545013 1.000000  
0.863535 -0.193916 0.465516 0.000000  
0.386361 -0.338843 -0.857852 0.000000  
0.324088 0.920642 -0.217681 0.000000  
-29.731750 -7.914070 18.915731 1.000000  
0.845590 -0.230216 0.481642 0.000000  
0.525379 0.518822 -0.674389 0.000000  
-0.094631 0.823301 0.559661 0.000000  
-6.756481 -2.739429 -23.826370 1.000000  
0.743145 -0.000001 0.669131 0.000000  
0.669131 -0.000006 -0.743145 0.000000  
0.000005 1.000000 -0.000004 0.000000  
-11.762342 0.000332 -6.218830 1.000000  
0.743145 -0.000001 0.669130 0.000000  
0.669130 -0.000006 -0.743145 0.000000  
0.000005 1.000000 -0.000004 0.000000  
-11.762344 0.000332 -6.218831 1.000000  
0.000000 1.000000 0.000000 0.000000  
-0.370211 0.000000 0.928948 0.000000  
0.928948 -0.000000 0.370211 0.000000  
35.918461 -0.000002 32.801186 1.000000  
0.000000 1.000000 0.000000 0.000000  
-0.669130 0.000000 0.743146 0.000000  
0.743146 -0.000000 0.669130 0.000000  
-38.228195 0.000000 -15.946484 1.000000  
0.161597 -0.706859 0.688649 0.000000  
-0.635052 0.459653 0.620828 0.000000  
-0.755377 -0.537652 -0.374614 0.000000  
77.540138 128.672287 -1.216073 1.000000  
0.345875 -0.935760 -0.068732 0.000000  
-0.656857 -0.293793 0.694424 0.000000  
-0.670007 -0.195036 -0.716276 0.000000  
64.456154 164.062088 1.386836 1.000000  
-0.308732 -0.743598 -0.593081 0.000000  
-0.277945 -0.525794 0.803920 0.000000  
-0.909632 0.413040 -0.044350 0.000000  
-52.777920 168.142609 -16.406179 1.000000  
-0.357459 -0.904442 0.232826 0.000000  
-0.034781 0.262016 0.964436 0.000000  
-0.933281 0.336648 -0.125117 0.000000  
-64.454994 140.019608 -38.836357 1.000000  
-0.005021 0.966958 0.254886 0.000000  
-0.153775 -0.252604 0.955272 0.000000  
0.988093 -0.034398 0.149962 0.000000  
5.813353 161.699005 -8.348449 1.000000  
-0.014817 0.997571 -0.068067 0.000000  
-0.017612 0.067803 0.997543 0.000000  
0.999735 0.015979 0.016564 0.000000  
-1.720991 161.395050 34.206242 1.000000  
0.036568 0.984335 -0.172476 0.000000  
-0.474052 0.169023 0.864121 0.000000  
0.879737 0.050163 0.472807 0.000000  
0.000001 79.129250 -1.531991 1.000000  
-0.293187 -0.625573 0.722983 0.000000  
0.878926 0.121200 0.461297 0.000000  
-0.376200 0.770695 0.514299 0.000000  
85.976822 91.799911 34.708427 1.000000  
0.071241 -0.639074 0.765836 0.000000  
-0.980791 -0.184668 -0.062865 0.000000  
0.181601 -0.746646 -0.639954 0.000000  
-83.126793 92.835197 -26.705330 1.000000  
-0.919484 -0.190806 0.343726 0.000000  
0.240165 0.419586 0.875368 0.000000  
-0.311246 0.887434 -0.339976 0.000000  
72.718216 103.037781 49.949955 1.000000  
-0.806549 -0.469979 -0.358613 0.000000  
-0.438517 0.068806 0.896088 0.000000  
-0.396465 0.879988 -0.261587 0.000000  
61.615604 100.733917 54.100494 1.000000  
-0.919620 -0.368822 -0.135203 0.000000  
0.094695 -0.542173 0.834909 0.000000  
-0.381236 0.754995 0.533518 0.000000  
70.685654 81.659035 66.677513 1.000000  
-0.400729 0.375529 -0.835709 0.000000  
-0.830790 -0.533485 0.158647 0.000000  
-0.386261 0.757873 0.525768 0.000000  
62.170048 78.243828 65.425529 1.000000  
0.686223 0.611153 -0.394462 0.000000  
-0.607096 0.182497 -0.773383 0.000000  
-0.400667 0.770189 0.496262 0.000000  
58.515114 81.668144 57.804424 1.000000  
0.462163 -0.342807 0.817853 0.000000  
-0.774911 0.292318 0.560423 0.000000  
-0.431188 -0.892765 -0.130546 0.000000  
-83.274712 104.450813 -6.712041 1.000000  
0.819912 -0.499179 0.280286 0.000000  
-0.362838 -0.074408 0.928880 0.000000  
-0.442822 -0.863298 -0.242129 0.000000  
-77.691521 100.310677 3.166227 1.000000  
0.809032 -0.269437 0.522361 0.000000  
-0.558770 -0.628263 0.541361 0.000000  
0.182317 -0.729858 -0.658838 0.000000  
-83.391945 81.863770 8.495644 1.000000  
0.925479 0.349638 -0.145702 0.000000  
0.336977 -0.584313 0.738268 0.000000  
0.172991 -0.732349 -0.658588 0.000000  
-75.898743 79.368629 13.333270 1.000000  
0.204345 0.667626 -0.715898 0.000000  
0.968811 -0.033183 0.245591 0.000000  
0.140207 -0.743754 -0.653583 0.000000  
-67.459961 82.556717 12.004749 1.000000  
0.867265 -0.194206 0.458395 0.000000  
-0.463532 -0.650916 0.601212 0.000000  
0.181618 -0.733891 -0.654537 0.000000  
-79.509445 66.525993 -4.809598 1.000000  
0.824764 0.473612 -0.308937 0.000000  
0.536859 -0.484251 0.690868 0.000000  
0.177600 -0.735658 -0.653655 0.000000  
-72.253372 64.901314 -0.974563 1.000000  
-0.119084 0.637441 -0.761229 0.000000  
0.976917 0.212210 0.024875 0.000000  
0.177397 -0.740695 -0.647998 0.000000  
-65.987320 68.499435 -3.321494 1.000000  
-0.922175 -0.353951 -0.155956 0.000000  
0.068868 -0.547020 0.834276 0.000000  
-0.380604 0.758608 0.528824 0.000000  
78.375237 65.786087 55.906509 1.000000  
-0.357996 0.402020 -0.842754 0.000000  
-0.851667 -0.510561 0.118229 0.000000  
-0.382746 0.760071 0.525165 0.000000  
70.660858 62.825188 54.601845 1.000000  
0.724712 0.595105 -0.347350 0.000000  
-0.576154 0.246850 -0.779168 0.000000  
-0.377944 0.764799 0.521767 0.000000  
67.940422 65.879379 48.198879 1.000000  
1.000000 0.000000 0.000000 0.000000  
0.000000 1.000000 0.000000 0.000000  
0.000000 0.000000 1.000000 0.000000  
0.000000 0.000000 0.000000 1.000000  
1.000000 0.000000 0.000000 0.000000  
0.000000 0.000000 -1.000000 0.000000  
0.000000 1.000000 0.000000 0.000000  
0.000000 0.000001 0.000000 1.000000  
0.000000 1.000000 0.000000 0.000000  
0.000000 -0.000000 1.000000 0.000000  
1.000000 0.000000 -0.000000 0.000000  
0.000001 0.000001 6.479099 1.000000  
0.878466 0.050164 0.475165 0.000000  
0.476368 -0.169023 -0.862847 0.000000  
0.037031 0.984335 -0.172378 0.000000  
-4.014670 -7.927765 15.081261 1.000000  
0.842755 0.322951 0.430659 0.000000  
0.523090 -0.302503 -0.796786 0.000000  
-0.127047 0.896769 -0.423869 0.000000  
11.330997 -6.545547 38.363850 1.000000  
0.844268 0.343867 0.411058 0.000000  
0.342908 0.242836 -0.907438 0.000000  
-0.411858 0.907076 0.087104 0.000000  
27.014080 -7.221760 10.314682 1.000000  
0.928944 -0.000018 0.370222 0.000000  
0.370221 -0.000348 -0.928943 0.000000  
0.000145 1.000000 -0.000317 0.000000  
15.477840 0.001188 13.381511 1.000000  
0.928947 0.000000 0.370212 0.000000  
0.370212 -0.000004 -0.928947 0.000000  
0.000001 1.000000 -0.000004 0.000000  
15.478262 0.005636 13.380272 1.000000  
-0.012359 0.997277 -0.072712 0.000000  
-0.469868 0.058397 0.880803 0.000000  
0.882650 0.045051 0.467866 0.000000  
0.016664 79.571190 -1.609049 1.000000  
0.906830 0.004782 0.421468 0.000000  
0.419958 -0.095578 -0.902497 0.000000  
0.035967 0.995411 -0.088681 0.000000  
-3.926804 -9.074951 6.338977 1.000000  
0.936745 -0.052498 0.346055 0.000000  
0.346843 0.006446 -0.937901 0.000000  
0.047008 0.998600 0.024246 0.000000  
-5.132517 -9.568298 -6.832724 1.000000  
0.963333 -0.085869 0.254195 0.000000  
0.262818 0.111340 -0.958400 0.000000  
0.053994 0.990066 0.129826 0.000000  
-5.810964 -8.744881 -20.031050 1.000000  
0.056202 0.997014 0.052958 0.000000  
-0.178641 -0.042144 0.983012 0.000000  
0.982308 -0.064708 0.175739 0.000000  
4.288343 134.669861 -9.858484 1.000000  
0.987009 -0.034118 0.156997 0.000000  
0.160598 0.182145 -0.970068 0.000000  
0.004500 0.982680 0.185258 0.000000  
3.028909 -8.345276 -27.879782 1.000000  
0.982922 0.034365 0.180784 0.000000  
0.178662 0.057145 -0.982250 0.000000  
-0.044086 0.997774 0.050030 0.000000  
11.096552 -9.354004 -4.641734 1.000000  
0.999657 0.014947 0.021502 0.000000  
0.022470 -0.067917 -0.997438 0.000000  
-0.013448 0.997579 -0.068229 0.000000  
1.017085 -13.148773 15.343025 1.000000  
0.882681 0.179761 -0.434236 0.000000  
0.467128 -0.234067 0.852646 0.000000  
0.051632 -0.955458 -0.290578 0.000000  
24.880991 156.032608 21.151220 1.000000  
0.332677 -0.942574 -0.029692 0.000000  
0.668404 0.257887 -0.697661 0.000000  
0.665254 0.212250 0.715813 0.000000  
-80.288597 179.567581 -113.173508 1.000000  
0.201851 -0.710511 0.674115 0.000000  
0.626592 -0.435315 -0.646439 0.000000  
0.752754 0.552879 0.357332 0.000000  
-82.287407 107.189293 -119.607597 1.000000  
-0.192122 -0.623883 0.757539 0.000000  
0.388914 -0.757116 -0.524901 0.000000  
0.901017 0.193773 0.388093 0.000000  
-46.485565 160.346741 -138.806610 1.000000  
-0.252642 -0.752148 0.608644 0.000000  
0.902448 -0.410035 -0.132124 0.000000  
0.348941 0.515890 0.782367 0.000000  
61.804302 129.221573 -178.492477 1.000000  
-0.338758 -0.925045 0.171854 0.000000  
0.897349 -0.262733 0.354585 0.000000  
-0.282860 0.274330 0.919098 0.000000  
181.776917 200.870178 -120.580223 1.000000  
-0.913882 -0.393025 -0.101796 0.000000  
0.385516 -0.761448 -0.521128 0.000000  
0.127300 -0.515489 0.847382 0.000000  
216.911377 238.866592 -60.063385 1.000000  
-0.435318 0.352395 -0.828450 0.000000  
0.379519 -0.762616 -0.523815 0.000000  
-0.816370 -0.542431 0.198235 0.000000  
285.282440 100.458481 189.495270 1.000000  
0.602807 0.656179 -0.453943 0.000000  
0.425339 -0.745617 -0.512975 0.000000  
-0.675063 0.116145 -0.728554 0.000000  
52.942493 -72.041847 271.237457 1.000000  
-0.914639 -0.385499 -0.121806 0.000000  
0.390114 -0.762509 -0.516131 0.000000  
0.106086 -0.519587 0.847800 0.000000  
220.765991 238.022644 -56.158073 1.000000  
-0.396633 0.366624 -0.841595 0.000000  
0.381516 -0.768024 -0.514378 0.000000  
-0.834939 -0.525094 0.164748 0.000000  
281.305115 95.139717 197.315796 1.000000  
0.660167 0.618125 -0.426746 0.000000  
0.379558 -0.764793 -0.520604 0.000000  
-0.648162 0.181709 -0.739498 0.000000  
39.531197 -74.466331 267.807678 1.000000  
-0.690431 0.234138 -0.684459 0.000000  
-0.723024 -0.192927 0.663337 0.000000  
0.023261 0.952869 0.302490 0.000000  
-21.819853 157.646912 13.722845 1.000000  
0.330377 0.759510 0.560354 0.000000  
0.273450 0.491206 -0.827008 0.000000  
-0.903369 0.426453 -0.045404 0.000000  
121.717590 132.301956 34.662754 1.000000  
0.377277 0.904611 -0.198346 0.000000  
0.058085 -0.236865 -0.969805 0.000000  
-0.924277 0.354364 -0.141907 0.000000  
132.926636 169.135437 -20.163445 1.000000  
0.033153 0.663674 -0.747284 0.000000  
0.178983 -0.739552 -0.648867 0.000000  
-0.983296 -0.112240 -0.143304 0.000000  
90.424683 220.033188 -105.551453 1.000000  
0.197063 0.861448 -0.468046 0.000000  
-0.563317 -0.291240 -0.773208 0.000000  
-0.802401 0.416030 0.427880 0.000000  
77.836128 165.804749 -160.118530 1.000000  
-0.122896 0.963458 -0.237989 0.000000  
-0.857921 -0.223690 -0.462532 0.000000  
-0.498873 0.147336 0.854063 0.000000  
-31.108559 228.869507 -187.978729 1.000000  
-0.781567 0.289976 -0.552319 0.000000  
0.180058 -0.742843 -0.644797 0.000000  
-0.597271 -0.603407 0.528373 0.000000  
-123.985657 235.371857 -184.229721 1.000000  
-0.938859 -0.326867 0.108125 0.000000  
0.184871 -0.743570 -0.642594 0.000000  
0.290438 -0.583324 0.758545 0.000000  
-304.824097 113.645096 -96.614456 1.000000  
-0.303881 -0.681625 0.665612 0.000000  
0.161122 -0.725358 -0.669250 0.000000  
