1660  
71 
1.000000 0.000000 0.000000 0.000000  
0.000000 1.000000 0.000000 0.000000  
0.000000 0.000000 1.000000 0.000000  
0.000000 0.000000 0.000000 1.000000  
1.000000 0.000000 0.000000 0.000000  
0.000000 0.000000 -1.000000 0.000000  
0.000000 1.000000 0.000000 0.000000  
0.000000 0.000001 0.000000 1.000000  
0.000000 1.000000 0.000000 0.000000  
0.000000 -0.000000 1.000000 0.000000  
1.000000 0.000000 -0.000000 0.000000  
0.000001 0.000001 6.479099 1.000000  
0.881438 0.050164 0.469628 0.000000  
0.470930 -0.169023 -0.865827 0.000000  
0.035945 0.984335 -0.172607 0.000000  
-3.910075 -7.927765 15.105648 1.000000  
0.845739 0.322699 0.424959 0.000000  
0.518199 -0.306779 -0.798346 0.000000  
-0.127257 0.895406 -0.426678 0.000000  
11.356843 -6.412018 38.618862 1.000000  
0.847198 0.343520 0.405277 0.000000  
0.338811 0.238238 -0.910192 0.000000  
-0.409222 0.908425 0.085446 0.000000  
26.883392 -7.237148 10.506622 1.000000  
0.928944 -0.000018 0.370221 0.000000  
0.370220 -0.000344 -0.928944 0.000000  
0.000144 1.000000 -0.000313 0.000000  
15.477602 0.000889 13.381207 1.000000  
0.928948 -0.000000 0.370211 0.000000  
0.370211 0.000000 -0.928948 0.000000  
-0.000000 1.000000 -0.000000 0.000000  
15.478043 0.005331 13.379969 1.000000  
-0.012781 0.997287 -0.072497 0.000000  
-0.464073 0.058305 0.883876 0.000000  
0.885705 0.044941 0.462069 0.000000  
0.016176 79.571190 -1.609694 1.000000  
0.910285 0.003704 0.413965 0.000000  
0.412425 -0.094735 -0.906052 0.000000  
0.035861 0.995496 -0.087763 0.000000  
-3.925253 -9.083633 6.243397 1.000000  
0.940355 -0.054848 0.335744 0.000000  
0.336687 0.008685 -0.941576 0.000000  
0.048728 0.998457 0.026633 0.000000  
-5.341629 -9.551880 -7.100070 1.000000  
0.966568 -0.088588 0.240623 0.000000  
0.249888 0.115099 -0.961410 0.000000  
0.057474 0.989396 0.133388 0.000000  
-6.234289 -8.665977 -20.447441 1.000000  
0.057845 0.996707 0.056823 0.000000  
-0.162941 -0.046729 0.985529 0.000000  
0.984939 -0.066267 0.159702 0.000000  
4.250869 134.685730 -9.789135 1.000000  
0.989469 -0.034695 0.140524 0.000000  
0.144549 0.186499 -0.971763 0.000000  
0.007507 0.981843 0.189551 0.000000  
2.723923 -8.249420 -28.417118 1.000000  
0.985632 0.031236 0.165994 0.000000  
0.163946 0.059518 -0.984672 0.000000  
-0.040637 0.997738 0.053542 0.000000  
10.699413 -9.370071 -5.036829 1.000000  
0.999799 0.017423 0.009911 0.000000  
0.011069 -0.067669 -0.997646 0.000000  
-0.016712 0.997556 -0.067849 0.000000  
1.882184 -13.232117 15.557247 1.000000  
0.875381 0.181811 -0.447943 0.000000  
0.481155 -0.237816 0.843761 0.000000  
0.046877 -0.954143 -0.295659 0.000000  
25.374069 155.910461 20.980831 1.000000  
0.326966 -0.944235 -0.038904 0.000000  
0.670607 0.260827 -0.694446 0.000000  
0.665868 0.200971 0.718492 0.000000  
-79.918617 181.574753 -113.920593 1.000000  
0.210241 -0.721714 0.659490 0.000000  
0.622182 -0.421559 -0.659680 0.000000  
0.754114 0.549015 0.360408 0.000000  
-83.325012 108.677055 -119.668983 1.000000  
-0.181209 -0.636580 0.749623 0.000000  
0.383745 -0.747585 -0.542086 0.000000  
0.905484 0.189433 0.379751 0.000000  
-48.429962 162.189026 -137.840759 1.000000  
-0.243357 -0.762536 0.599433 0.000000  
0.901526 -0.405807 -0.150235 0.000000  
0.357812 0.503843 0.786202 0.000000  
59.409554 131.957336 -179.399567 1.000000  
-0.334668 -0.928480 0.161004 0.000000  
0.902316 -0.266473 0.338841 0.000000  
-0.271708 0.258674 0.926969 0.000000  
179.963196 202.920212 -121.850677 1.000000  
-0.914303 -0.393355 -0.096606 0.000000  
0.380404 -0.751985 -0.538342 0.000000  
0.139109 -0.528952 0.837167 0.000000  
215.787018 240.003296 -61.171638 1.000000  
-0.446530 0.364882 -0.816998 0.000000  
0.374375 -0.753123 -0.540971 0.000000  
-0.812682 -0.547416 0.199685 0.000000  
287.606201 97.697609 185.206177 1.000000  
0.595654 0.664840 -0.450772 0.000000  
0.420294 -0.736200 -0.530436 0.000000  
-0.684506 0.126499 -0.717942 0.000000  
56.674721 -76.631805 267.059387 1.000000  
-0.915330 -0.385506 -0.116479 0.000000  
0.385067 -0.753118 -0.533421 0.000000  
0.117911 -0.533103 0.837788 0.000000  
219.692719 239.104401 -57.329819 1.000000  
-0.408044 0.379410 -0.830399 0.000000  
0.376503 -0.758680 -0.531650 0.000000  
-0.831710 -0.529576 0.166723 0.000000  
283.739471 92.243088 192.988708 1.000000  
0.653433 0.626476 -0.424930 0.000000  
0.374460 -0.755352 -0.537796 0.000000  
-0.657880 0.192293 -0.728154 0.000000  
43.225777 -79.030075 263.760834 1.000000  
-0.701651 0.237108 -0.671912 0.000000  
-0.711963 -0.195981 0.674315 0.000000  
0.028203 0.951510 0.306322 0.000000  
-21.443144 157.552002 14.331853 1.000000  
0.331606 0.753370 0.567865 0.000000  
0.256470 0.507266 -0.822742 0.000000  
-0.907888 0.418466 -0.025004 0.000000  
122.669739 133.173508 32.651207 1.000000  
0.373228 0.911955 -0.170406 0.000000  
0.047840 -0.202353 -0.978144 0.000000  
-0.926505 0.356918 -0.119152 0.000000  
132.872284 169.217636 -20.426977 1.000000  
0.023546 0.689709 -0.723700 0.000000  
0.173296 -0.715759 -0.676503 0.000000  
-0.984591 -0.109487 -0.136377 0.000000  
89.326065 222.994171 -103.492722 1.000000  
0.190133 0.877901 -0.439468 0.000000  
-0.571239 -0.265133 -0.776781 0.000000  
-0.798463 0.398733 0.451085 0.000000  
76.244965 170.694839 -159.799332 1.000000  
-0.127470 0.970957 -0.202455 0.000000  
-0.862527 -0.209299 -0.460698 0.000000  
-0.489699 0.115901 0.864158 0.000000  
-33.128525 234.440216 -184.217682 1.000000  
-0.788210 0.307398 -0.533123 0.000000  
0.174423 -0.719189 -0.672565 0.000000  
-0.590171 -0.623117 0.513259 0.000000  
-125.971466 240.582031 -179.222198 1.000000  
-0.936943 -0.332744 0.106813 0.000000  
0.179261 -0.719982 -0.670441 0.000000  
0.299986 -0.609026 0.734239 0.000000  
-305.583496 115.403053 -93.980499 1.000000  
-0.295124 -0.705421 0.644421 0.000000  
0.155182 -0.700898 -0.696175 0.000000  
0.942774 -0.105459 0.316325 0.000000  
-285.572113 -44.681534 84.712379 1.000000  
-0.848708 0.239264 -0.471631 0.000000  
0.169409 -0.721811 -0.671036 0.000000  
-0.500992 -0.649419 0.572078 0.000000  
-152.381927 232.411194 -177.832443 1.000000  
-0.850396 -0.451582 0.269979 0.000000  
0.174503 -0.726180 -0.664989 0.000000  
0.496353 -0.518400 0.696353 0.000000  
-321.845551 78.091682 -57.101612 1.000000  
0.020701 -0.675056 0.737465 0.000000  
0.179696 -0.723105 -0.666955 0.000000  
0.983513 0.146328 0.106338 0.000000  
-231.031342 -78.821602 135.698746 1.000000  
0.865377 -0.193508 0.462252 0.000000  
0.384077 -0.336385 -0.859843 0.000000  
0.321881 0.921629 -0.216778 0.000000  
-29.529076 -7.995514 18.836487 1.000000  
0.847551 -0.229846 0.478361 0.000000  
0.522353 0.520647 -0.675332 0.000000  
-0.093835 0.822251 0.561335 0.000000  
-6.718618 -2.708912 -23.948254 1.000000  
0.743089 -0.000165 0.669193 0.000000  
0.669193 0.000453 -0.743089 0.000000  
-0.000181 1.000000 0.000447 0.000000  
-11.759279 -0.004921 -6.227118 1.000000  
0.743089 -0.000165 0.669192 0.000000  
0.669193 0.000453 -0.743089 0.000000  
-0.000181 1.000000 0.000447 0.000000  
-11.757013 -0.011988 -6.236058 1.000000  
0.000000 1.000000 0.000000 0.000000  
-0.370211 0.000000 0.928948 0.000000  
0.928948 -0.000000 0.370211 0.000000  
35.918461 -0.000002 32.801186 1.000000  
0.000000 1.000000 0.000000 0.000000  
-0.669130 0.000000 0.743146 0.000000  
0.743146 -0.000000 0.669130 0.000000  
-38.228195 0.000000 -15.946484 1.000000  
0.166569 -0.713445 0.680625 0.000000  
-0.632824 0.452004 0.628670 0.000000  
-0.756167 -0.535433 -0.376195 0.000000  
77.504814 128.627075 -1.861741 1.000000  
0.342668 -0.936539 -0.073987 0.000000  
-0.658230 -0.295537 0.692381 0.000000  
-0.670308 -0.188556 -0.717729 0.000000  
64.545441 164.046082 0.936386 1.000000  
-0.309899 -0.739599 -0.597458 0.000000  
-0.268334 -0.534813 0.801232 0.000000  
-0.912118 0.408619 -0.032721 0.000000  
-52.840462 168.162064 -15.734735 1.000000  
-0.355660 -0.909241 0.216302 0.000000  
-0.028819 0.241993 0.969850 0.000000  
-0.934171 0.338703 -0.112271 0.000000  
-64.560547 140.191147 -38.330048 1.000000  
-0.002674 0.966301 0.257401 0.000000  
-0.144719 -0.255066 0.956032 0.000000  
0.989469 -0.034695 0.140524 0.000000  
5.818840 161.702911 -8.248871 1.000000  
-0.016712 0.997556 -0.067849 0.000000  
-0.011071 0.067669 0.997646 0.000000  
0.999799 0.017423 0.009913 0.000000  
-1.346486 161.339767 34.365444 1.000000  
0.035945 0.984335 -0.172607 0.000000  
-0.470930 0.169023 0.865827 0.000000  
0.881438 0.050163 0.469628 0.000000  
0.000001 79.129250 -1.532129 1.000000  
-0.287195 -0.632633 0.719236 0.000000  
0.882050 0.118120 0.456104 0.000000  
-0.373503 0.765393 0.524090 0.000000  
86.192749 91.415054 33.638466 1.000000  
0.077004 -0.654390 0.752223 0.000000  
-0.980956 -0.184668 -0.060231 0.000000  
0.178326 -0.733259 -0.656148 0.000000  
-83.111145 92.766754 -27.048134 1.000000  
-0.916750 -0.195248 0.348501 0.000000  
0.245867 0.411804 0.877478 0.000000  
-0.314838 0.890109 -0.329514 0.000000  
73.031914 102.491806 49.075703 1.000000  
-0.808518 -0.467733 -0.357114 0.000000  
-0.432121 0.059944 0.899824 0.000000  
-0.399467 0.881832 -0.250581 0.000000  
61.962914 100.134346 53.283562 1.000000  
-0.920091 -0.368809 -0.131998 0.000000  
0.101404 -0.549736 0.829156 0.000000  
-0.378363 0.749513 0.543205 0.000000  
71.145210 80.958740 65.615814 1.000000  
-0.407276 0.382665 -0.829282 0.000000  
-0.828891 -0.536121 0.159695 0.000000  
-0.383485 0.752423 0.535536 0.000000  
62.625370 77.543655 64.393547 1.000000  
0.682620 0.615693 -0.393654 0.000000  
-0.612834 0.188860 -0.767306 0.000000  
-0.398079 0.765022 0.506236 0.000000  
58.911831 81.032791 56.832157 1.000000  
0.468008 -0.358723 0.807640 0.000000  
-0.771529 0.279813 0.571365 0.000000  
-0.430948 -0.890516 -0.145810 0.000000  
-83.138840 103.968666 -6.831082 1.000000  
0.822410 -0.503558 0.264702 0.000000  
-0.356630 -0.093828 0.929526 0.000000  
-0.443234 -0.858851 -0.256749 0.000000  
-77.488029 99.637383 2.920499 1.000000  
0.812808 -0.278900 0.511419 0.000000  
-0.554399 -0.639895 0.532153 0.000000  
0.178836 -0.716068 -0.674733 0.000000  
-83.137360 81.086708 7.907356 1.000000  
0.924199 0.353539 -0.144408 0.000000  
0.342219 -0.598848 0.724074 0.000000  
0.169509 -0.718606 -0.674441 0.000000  
-75.610931 78.504158 12.642981 1.000000  
0.199097 0.682264 -0.703469 0.000000  
0.970393 -0.037069 0.238692 0.000000  
0.136774 -0.730163 -0.669443 0.000000  
-67.184097 81.727722 11.326265 1.000000  
0.870506 -0.202332 0.448634 0.000000  
-0.458775 -0.663607 0.590899 0.000000  
0.178159 -0.720202 -0.670498 0.000000  
-79.328476 66.033737 -5.725843 1.000000  
0.822381 0.480658 -0.304375 0.000000  
0.541626 -0.497693 0.677465 0.000000  
0.174144 -0.721991 -0.669629 0.000000  
-72.046448 64.341179 -1.972896 1.000000  
-0.124850 0.652599 -0.747334 0.000000  
0.976796 0.213001 0.022816 0.000000  
0.174072 -0.727144 -0.664049 0.000000  
-65.799210 67.992508 -4.285087 1.000000  
-0.922814 -0.353752 -0.152591 0.000000  
0.075582 -0.554611 0.828665 0.000000  
-0.377770 0.753170 0.538540 0.000000  
78.775192 65.198441 54.645046 1.000000  
-0.364629 0.409281 -0.836391 0.000000  
-0.850091 -0.512854 0.119641 0.000000  
-0.379980 0.754632 0.534927 0.000000  
71.055595 62.239208 53.368580 1.000000  
0.721462 0.599261 -0.346972 0.000000  
-0.582018 0.253301 -0.772713 0.000000  
-0.375168 0.759426 0.531528 0.000000  
68.285683 65.348320 47.014915 1.000000  
1.000000 0.000000 0.000000 0.000000  
0.000000 1.000000 0.000000 0.000000  
0.000000 0.000000 1.000000 0.000000  
0.000000 0.000000 0.000000 1.000000  
1.000000 0.000000 0.000000 0.000000  
0.000000 0.000000 -1.000000 0.000000  
0.000000 1.000000 0.000000 0.000000  
0.000000 0.000001 0.000000 1.000000  
0.000000 1.000000 0.000000 0.000000  
0.000000 -0.000000 1.000000 0.000000  
1.000000 0.000000 -0.000000 0.000000  
0.000001 0.000001 6.479099 1.000000  
0.881438 0.050164 0.469628 0.000000  
0.470930 -0.169023 -0.865827 0.000000  
0.035945 0.984335 -0.172607 0.000000  
-3.910075 -7.934288 15.105648 1.000000  
0.845728 0.322728 0.424960 0.000000  
0.518246 -0.307009 -0.798227 0.000000  
-0.127144 0.895317 -0.426899 0.000000  
11.347001 -6.410980 38.638222 1.000000  
0.847187 0.343567 0.405261 0.000000  
0.338689 0.238460 -0.910179 0.000000  
-0.409346 0.908349 0.085658 0.000000  
26.886633 -7.236938 10.502260 1.000000  
0.928943 -0.000021 0.370222 0.000000  
0.370222 -0.000354 -0.928943 0.000000  
0.000151 1.000000 -0.000321 0.000000  
15.477438 0.001009 13.381361 1.000000  
0.928948 -0.000000 0.370211 0.000000  
0.370211 0.000000 -0.928948 0.000000  
-0.000000 1.000000 -0.000000 0.000000  
15.477865 0.005510 13.380119 1.000000  
-0.012782 0.997287 -0.072495 0.000000  
-0.464073 0.058303 0.883876 0.000000  
0.885705 0.044940 0.462069 0.000000  
0.016176 79.564674 -1.609694 1.000000  
0.910284 0.003699 0.413967 0.000000  
0.412427 -0.094721 -0.906053 0.000000  
0.035860 0.995497 -0.087748 0.000000  
-3.925141 -9.090286 6.241852 1.000000  
0.940353 -0.054858 0.335748 0.000000  
0.336692 0.008717 -0.941574 0.000000  
0.048726 0.998456 0.026668 0.000000  
-5.341455 -9.558304 -7.103908 1.000000  
0.966566 -0.088602 0.240626 0.000000  
0.249896 0.115150 -0.961401 0.000000  
0.057474 0.989389 0.133441 0.000000  
-6.234307 -8.671646 -20.453697 1.000000  
0.057849 0.996703 0.056890 0.000000  
-0.162946 -0.046794 0.985525 0.000000  
0.984938 -0.066282 0.159702 0.000000  
4.250896 134.679474 -9.787616 1.000000  
0.989469 -0.034710 0.140523 0.000000  
0.144551 0.186566 -0.971750 0.000000  
0.007513 0.981829 0.189618 0.000000  
2.723116 -8.254395 -28.425488 1.000000  
0.985628 0.031219 0.166020 0.000000  
0.163972 0.059553 -0.984666 0.000000  
-0.040627 0.997737 0.053578 0.000000  
10.697593 -9.376663 -5.039668 1.000000  
0.999798 0.017461 0.009912 0.000000  
0.011073 -0.067669 -0.997647 0.000000  
-0.016749 0.997555 -0.067849 0.000000  
1.887812 -13.239868 15.560398 1.000000  
0.875383 0.181837 -0.447929 0.000000  
0.481153 -0.237877 0.843746 0.000000  
0.046872 -0.954123 -0.295725 0.000000  
25.374151 155.901962 20.983791 1.000000  
0.327019 -0.944214 -0.038970 0.000000  
0.670590 0.260913 -0.694431 0.000000  
0.665859 0.200959 0.718504 0.000000  
-79.919838 181.567108 -113.915390 1.000000  
0.210257 -0.721697 0.659505 0.000000  
0.622233 -0.421527 -0.659652 0.000000  
0.754067 0.549062 0.360435 0.000000  
-83.316872 108.660332 -119.674339 1.000000  
-0.181202 -0.636585 0.749620 0.000000  
0.383811 -0.747566 -0.542064 0.000000  
0.905457 0.189489 0.379786 0.000000  
-48.424210 162.174225 -137.845078 1.000000  
-0.243336 -0.762545 0.599429 0.000000  
0.901556 -0.405755 -0.150195 0.000000  
0.357750 0.503870 0.786213 0.000000  
59.418736 131.948547 -179.399261 1.000000  
-0.334620 -0.928498 0.160997 0.000000  
0.902318 -0.266418 0.338880 0.000000  
-0.271761 0.258664 0.926956 0.000000  
179.965866 202.918945 -121.845985 1.000000  
-0.914276 -0.393409 -0.096640 0.000000  
0.380470 -0.751967 -0.538320 0.000000  
0.139106 -0.528938 0.837177 0.000000  
215.785034 240.004547 -61.165764 1.000000  
-0.446518 0.364850 -0.817019 0.000000  
0.374442 -0.753105 -0.540950 0.000000  
-0.812657 -0.547462 0.199656 0.000000  
287.602539 97.704910 185.216095 1.000000  
0.595633 0.664872 -0.450753 0.000000  
0.420359 -0.736179 -0.530414 0.000000  
-0.684484 0.126454 -0.717971 0.000000  
56.678005 -76.637466 267.061218 1.000000  
-0.915303 -0.385560 -0.116513 0.000000  
0.385133 -0.753099 -0.533399 0.000000  
0.117908 -0.533090 0.837797 0.000000  
219.690643 239.105911 -57.323765 1.000000  
-0.408033 0.379380 -0.830418 0.000000  
0.376569 -0.758662 -0.531628 0.000000  
-0.831686 -0.529624 0.166693 0.000000  
283.735809 92.250244 192.998505 1.000000  
0.653413 0.626511 -0.424908 0.000000  
0.374526 -0.755334 -0.537775 0.000000  
-0.657861 0.192249 -0.728183 0.000000  
43.229366 -79.036491 263.762146 1.000000  
-0.701648 0.237158 -0.671897 0.000000  
-0.711965 -0.196024 0.674301 0.000000  
0.028208 0.951489 0.306388 0.000000  
-21.443052 157.544266 14.334868 1.000000  
0.331670 0.753300 0.567921 0.000000  
0.256522 0.507301 -0.822704 0.000000  
-0.907850 0.418550 -0.024981 0.000000  
122.666451 133.148773 32.653728 1.000000  
0.373314 0.911911 -0.170456 0.000000  
0.047824 -0.202412 -0.978132 0.000000  
-0.926472 0.356998 -0.119174 0.000000  
132.872772 169.197403 -20.426531 1.000000  
0.023611 0.689667 -0.723739 0.000000  
0.173231 -0.715813 -0.676463 0.000000  
-0.984601 -0.109403 -0.136373 0.000000  
89.331757 222.973434 -103.495346 1.000000  
0.190216 0.877859 -0.439516 0.000000  
-0.571262 -0.265122 -0.776768 0.000000  
-0.798427 0.398833 0.451062 0.000000  
76.245911 170.672195 -159.799103 1.000000  
-0.127379 0.970958 -0.202509 0.000000  
-0.862546 -0.209245 -0.460688 0.000000  
-0.489690 0.115994 0.864151 0.000000  
-33.121628 234.426453 -184.221191 1.000000  
-0.788181 0.307442 -0.533142 0.000000  
0.174358 -0.719243 -0.672525 0.000000  
-0.590230 -0.623034 0.513292 0.000000  
-125.964043 240.577148 -179.226257 1.000000  
-0.936974 -0.332651 0.106830 0.000000  
0.179196 -0.720035 -0.670401 0.000000  
0.299928 -0.609014 0.734273 0.000000  
-305.587891 115.419601 -93.977982 1.000000  
-0.295191 -0.705358 0.644460 0.000000  
0.155119 -0.700951 -0.696136 0.000000  
0.942764 -0.105529 0.316333 0.000000  
-285.591736 -44.657028 84.723839 1.000000  
-0.848685 0.239317 -0.471647 0.000000  
0.169343 -0.721864 -0.670996 0.000000  
-0.501054 -0.649341 0.572113 0.000000  
-152.375244 232.408859 -177.836105 1.000000  
-0.850439 -0.451488 0.270003 0.000000  
0.174437 -0.726233 -0.664949 0.000000  
0.496303 -0.518408 0.696383 0.000000  
-321.853455 78.111763 -57.097054 1.000000  
0.020637 -0.675017 0.737503 0.000000  
0.179630 -0.723159 -0.666915 0.000000  
0.983527 0.146242 0.106332 0.000000  
-231.054230 -78.799370 135.712219 1.000000  
0.865377 -0.193529 0.462243 0.000000  
0.384007 -0.336545 -0.859812 0.000000  
0.321965 0.921566 -0.216922 0.000000  
-29.536398 -7.996696 18.849009 1.000000  
0.847543 -0.229881 0.478357 0.000000  
0.522351 0.520806 -0.675210 0.000000  
-0.093913 0.822140 0.561485 0.000000  
-6.717066 -2.707546 -23.951868 1.000000  
0.743107 -0.000111 0.669172 0.000000  
0.669172 0.000303 -0.743107 0.000000  
-0.000121 1.000000 0.000299 0.000000  
-11.760128 -0.003275 -6.224279 1.000000  
0.743108 -0.000110 0.669172 0.000000  
0.669172 0.000303 -0.743108 0.000000  
-0.000121 1.000000 0.000299 0.000000  
-11.758612 -0.007996 -6.230257 1.000000  
0.000000 1.000000 0.000000 0.000000  
-0.370211 0.000000 0.928948 0.000000  
0.928948 -0.000000 0.370211 0.000000  
35.918461 -0.000002 32.801186 1.000000  
0.000000 1.000000 0.000000 0.000000  
-0.669130 0.000000 0.743146 0.000000  
0.743146 -0.000000 0.669130 0.000000  
-38.228195 0.000000 -15.946484 1.000000  
0.166583 -0.713430 0.680637 0.000000  
-0.632876 0.451972 0.628641 0.000000  
-0.756121 -0.535480 -0.376222 0.000000  
77.506981 128.620667 -1.860667 1.000000  
0.342721 -0.936514 -0.074053 0.000000  
-0.658211 -0.295622 0.692363 0.000000  
-0.670299 -0.188545 -0.717740 0.000000  
64.545593 164.038742 0.939951 1.000000  
-0.309961 -0.739529 -0.597513 0.000000  
-0.268388 -0.534845 0.801193 0.000000  
-0.912081 0.408704 -0.032699 0.000000  
-52.840271 168.156555 -15.731027 1.000000  
-0.355745 -0.909196 0.216351 0.000000  
-0.028799 0.242050 0.969837 0.000000  
-0.934139 0.338784 -0.112292 0.000000  
-64.562706 140.188278 -38.328392 1.000000  
-0.002668 0.966283 0.257467 0.000000  
-0.144721 -0.255131 0.956015 0.000000  
0.989469 -0.034710 0.140522 0.000000  
5.818987 161.696548 -8.245539 1.000000  
-0.016749 0.997555 -0.067849 0.000000  
-0.011074 0.067669 0.997646 0.000000  
0.999798 0.017461 0.009913 0.000000  
-1.347428 161.331909 34.368587 1.000000  
0.035945 0.984335 -0.172607 0.000000  
-0.470930 0.169023 0.865827 0.000000  
0.881438 0.050163 0.469628 0.000000  
0.000001 79.122726 -1.532129 1.000000  
-0.287187 -0.632644 0.719229 0.000000  
0.882024 0.118175 0.456139 0.000000  
-0.373569 0.765374 0.524069 0.000000  
86.195656 91.409424 33.640167 1.000000  
0.076941 -0.654356 0.752259 0.000000  
-0.980973 -0.184580 -0.060223 0.000000  
0.178259 -0.733312 -0.656107 0.000000  
-83.117752 92.766243 -27.043894 1.000000  
-0.916753 -0.195299 0.348465 0.000000  
0.245807 0.411824 0.877485 0.000000  
-0.314877 0.890088 -0.329534 0.000000  
73.033546 102.485527 49.076786 1.000000  
-0.808476 -0.467783 -0.357143 0.000000  
-0.432161 0.059925 0.899806 0.000000  
-0.399508 0.881807 -0.250603 0.000000  
61.964512 100.127441 53.284214 1.000000  
-0.920064 -0.368864 -0.132032 0.000000  
0.101402 -0.549724 0.829164 0.000000  
-0.378429 0.749495 0.543184 0.000000  
71.147438 80.952461 65.616989 1.000000  
-0.407265 0.382635 -0.829302 0.000000  
-0.828865 -0.536168 0.159666 0.000000  
-0.383551 0.752405 0.535515 0.000000  
62.627846 77.536865 64.394394 1.000000  
0.682599 0.615730 -0.393631 0.000000  
-0.612814 0.188818 -0.767332 0.000000  
-0.398144 0.765002 0.506214 0.000000  
58.914406 81.025726 56.832832 1.000000  
0.467973 -0.358722 0.807660 0.000000  
-0.771504 0.279917 0.571348 0.000000  
-0.431031 -0.890484 -0.145761 0.000000  
-83.144440 103.969276 -6.827460 1.000000  
0.822362 -0.503620 0.264732 0.000000  
-0.356640 -0.093744 0.929530 0.000000  
-0.443313 -0.858824 -0.256702 0.000000  
-77.494049 99.638008 2.924373 1.000000  
0.812781 -0.278947 0.511436 0.000000  
-0.554459 -0.639814 0.532188 0.000000  
0.178771 -0.716122 -0.674693 0.000000  
-83.145119 81.088135 7.912241 1.000000  
0.924232 0.353445 -0.144426 0.000000  
0.342162 -0.598840 0.724108 0.000000  
0.169444 -0.718659 -0.674401 0.000000  
-75.618942 78.505150 12.648025 1.000000  
0.199162 0.682206 -0.703506 0.000000  
0.970389 -0.037146 0.238696 0.000000  
0.136707 -0.730213 -0.669403 0.000000  
-67.191803 81.727852 11.331148 1.000000  
0.870486 -0.202388 0.448647 0.000000  
-0.458838 -0.663532 0.590935 0.000000  
0.178093 -0.720256 -0.670458 0.000000  
-79.337616 66.034058 -5.720119 1.000000  
0.822426 0.480565 -0.304400 0.000000  
0.541578 -0.497705 0.677494 0.000000  
0.174078 -0.722044 -0.669589 0.000000  
-72.055748 64.341026 -1.967063 1.000000  
-0.124788 0.652570 -0.747371 0.000000  
0.976816 0.212911 0.022806 0.000000  
0.174006 -0.727197 -0.664008 0.000000  
-65.808167 67.991646 -4.279443 1.000000  
-0.922787 -0.353807 -0.152626 0.000000  
0.075581 -0.554600 0.828672 0.000000  
-0.377836 0.753152 0.538519 0.000000  
78.778786 65.192528 54.646645 1.000000  
-0.364619 0.409253 -0.836409 0.000000  
-0.850065 -0.512903 0.119610 0.000000  
-0.380046 0.754614 0.534906 0.000000  
71.059410 62.232834 53.369888 1.000000  
0.721440 0.599301 -0.346947 0.000000  
-0.582001 0.253261 -0.772738 0.000000  
-0.375234 0.759408 0.531507 0.000000  
68.289574 65.341736 47.016090 1.000000  
1.000000 0.000000 0.000000 0.000000  
0.000000 1.000000 0.000000 0.000000  
0.000000 0.000000 1.000000 0.000000  
0.000000 0.000000 0.000000 1.000000  
1.000000 0.000000 0.000000 0.000000  
0.000000 0.000000 -1.000000 0.000000  
0.000000 1.000000 0.000000 0.000000  
0.000000 0.000001 0.000000 1.000000  
0.000000 1.000000 0.000000 0.000000  
0.000000 -0.000000 1.000000 0.000000  
1.000000 0.000000 -0.000000 0.000000  
0.000001 0.000001 6.479099 1.000000  
0.881438 0.050164 0.469628 0.000000  
0.470930 -0.169023 -0.865827 0.000000  
0.035945 0.984335 -0.172607 0.000000  
-3.910075 -7.940346 15.105648 1.000000  
0.845717 0.322755 0.424961 0.000000  
0.518289 -0.307222 -0.798117 0.000000  
-0.127038 0.895234 -0.427104 0.000000  
11.337858 -6.410004 38.656235 1.000000  
0.847177 0.343610 0.405246 0.000000  
0.338575 0.238667 -0.910167 0.000000  
-0.409461 0.908279 0.085855 0.000000  
26.889656 -7.236740 10.498217 1.000000  
0.928942 -0.000026 0.370224 0.000000  
0.370224 -0.000367 -0.928942 0.000000  
0.000160 1.000000 -0.000332 0.000000  
15.477245 0.001165 13.381575 1.000000  
0.928948 -0.000000 0.370211 0.000000  
0.370211 0.000000 -0.928948 0.000000  
-0.000000 1.000000 -0.000000 0.000000  
15.477661 0.005744 13.380323 1.000000  
-0.012782 0.997287 -0.072493 0.000000  
-0.464074 0.058301 0.883876 0.000000  
0.885705 0.044940 0.462069 0.000000  
0.016176 79.558617 -1.609694 1.000000  
0.910284 0.003694 0.413969 0.000000  
0.412429 -0.094708 -0.906053 0.000000  
0.035859 0.995498 -0.087735 0.000000  
-3.925038 -9.096458 6.240414 1.000000  
0.940351 -0.054867 0.335751 0.000000  
0.336697 0.008748 -0.941572 0.000000  
0.048725 0.998455 0.026700 0.000000  
-5.341290 -9.564232 -7.107477 1.000000  
0.966564 -0.088615 0.240629 0.000000  
0.249903 0.115198 -0.961394 0.000000  
0.057474 0.989382 0.133491 0.000000  
-6.234321 -8.676880 -20.459517 1.000000  
0.057853 0.996699 0.056952 0.000000  
-0.162951 -0.046855 0.985521 0.000000  
0.984936 -0.066296 0.159702 0.000000  
4.250922 134.673660 -9.786203 1.000000  
0.989468 -0.034724 0.140522 0.000000  
0.144554 0.186627 -0.971738 0.000000  
0.007518 0.981817 0.189681 0.000000  
2.722370 -8.258942 -28.433266 1.000000  
0.985624 0.031203 0.166045 0.000000  
0.163996 0.059585 -0.984660 0.000000  
-0.040618 0.997735 0.053611 0.000000  
10.695902 -9.382690 -5.042298 1.000000  
0.999798 0.017496 0.009914 0.000000  
0.011077 -0.067669 -0.997647 0.000000  
-0.016783 0.997554 -0.067849 0.000000  
1.893044 -13.247025 15.563332 1.000000  
0.875384 0.181861 -0.447917 0.000000  
0.481151 -0.237934 0.843731 0.000000  
0.046867 -0.954104 -0.295786 0.000000  
25.374226 155.894058 20.986538 1.000000  
0.327070 -0.944194 -0.039032 0.000000  
0.670574 0.260994 -0.694416 0.000000  
0.665850 0.200949 0.718515 0.000000  
-79.920959 181.559982 -113.910500 1.000000  
0.210271 -0.721680 0.659517 0.000000  
0.622281 -0.421498 -0.659625 0.000000  
0.754024 0.549105 0.360460 0.000000  
-83.309280 108.644806 -119.679260 1.000000  
-0.181196 -0.636590 0.749618 0.000000  
0.383872 -0.747549 -0.542045 0.000000  
0.905432 0.189541 0.379819 0.000000  
-48.418831 162.160446 -137.849075 1.000000  
-0.243317 -0.762554 0.599425 0.000000  
0.901584 -0.405707 -0.150159 0.000000  
0.357693 0.503895 0.786223 0.000000  
59.427338 131.940369 -179.398972 1.000000  
-0.334575 -0.928515 0.160991 0.000000  
0.902320 -0.266366 0.338915 0.000000  
-0.271810 0.258656 0.926944 0.000000  
179.968353 202.917725 -121.841599 1.000000  
-0.914251 -0.393460 -0.096672 0.000000  
0.380531 -0.751950 -0.538301 0.000000  
0.139103 -0.528924 0.837186 0.000000  
215.783203 240.005676 -61.160255 1.000000  
-0.446507 0.364820 -0.817038 0.000000  
0.374503 -0.753089 -0.540930 0.000000  
-0.812635 -0.547505 0.199629 0.000000  
287.599152 97.711678 185.225281 1.000000  
0.595614 0.664901 -0.450735 0.000000  
0.420420 -0.736160 -0.530393 0.000000  
-0.684464 0.126411 -0.717998 0.000000  
56.681061 -76.642662 267.062775 1.000000  
-0.915277 -0.385611 -0.116545 0.000000  
0.385194 -0.753082 -0.533380 0.000000  
0.117905 -0.533078 0.837804 0.000000  
219.688690 239.107285 -57.318115 1.000000  
-0.408022 0.379352 -0.830436 0.000000  
0.376630 -0.758645 -0.531609 0.000000  
-0.831663 -0.529667 0.166665 0.000000  
283.732330 92.256882 193.007431 1.000000  
0.653395 0.626544 -0.424888 0.000000  
0.374588 -0.755317 -0.537756 0.000000  
-0.657844 0.192208 -0.728208 0.000000  
43.232697 -79.042404 263.763184 1.000000  
-0.701647 0.237205 -0.671883 0.000000  
-0.711967 -0.196063 0.674287 0.000000  
0.028213 0.951469 0.306449 0.000000  
-21.442963 157.537048 14.337669 1.000000  
0.331729 0.753235 0.567972 0.000000  
0.256570 0.507333 -0.822670 0.000000  
-0.907815 0.418628 -0.024960 0.000000  
122.663383 133.125778 32.656094 1.000000  
0.373393 0.911870 -0.170502 0.000000  
0.047808 -0.202466 -0.978122 0.000000  
-0.926441 0.357072 -0.119194 0.000000  
132.873291 169.178574 -20.426117 1.000000  
0.023672 0.689628 -0.723774 0.000000  
0.173170 -0.715863 -0.676426 0.000000  
-0.984610 -0.109325 -0.136369 0.000000  
89.337036 222.954041 -103.497810 1.000000  
0.190292 0.877820 -0.439561 0.000000  
-0.571284 -0.265113 -0.776755 0.000000  
-0.798394 0.398925 0.451040 0.000000  
76.246773 170.651062 -159.798874 1.000000  
-0.127295 0.970958 -0.202559 0.000000  
-0.862563 -0.209194 -0.460680 0.000000  
-0.489682 0.116081 0.864143 0.000000  
-33.115242 234.413483 -184.224457 1.000000  
-0.788154 0.307483 -0.533159 0.000000  
0.174297 -0.719293 -0.672487 0.000000  
-0.590285 -0.622956 0.513323 0.000000  
-125.957130 240.572525 -179.230042 1.000000  
-0.937003 -0.332564 0.106845 0.000000  
0.179135 -0.720086 -0.670364 0.000000  
0.299874 -0.609002 0.734306 0.000000  
-305.592041 115.434967 -93.975662 1.000000  
-0.295254 -0.705299 0.644496 0.000000  
0.155059 -0.701001 -0.696100 0.000000  
0.942755 -0.105595 0.316340 0.000000  
-285.610077 -44.634163 84.734474 1.000000  
-0.848664 0.239366 -0.471660 0.000000  
0.169282 -0.721913 -0.670959 0.000000  
-0.501111 -0.649268 0.572146 0.000000  
-152.369049 232.406601 -177.839554 1.000000  
-0.850479 -0.451401 0.270024 0.000000  
0.174376 -0.726283 -0.664911 0.000000  
0.496257 -0.518415 0.696411 0.000000  
-321.860901 78.130424 -57.092823 1.000000  
0.020577 -0.674981 0.737538 0.000000  
0.179569 -0.723209 -0.666877 0.000000  
0.983540 0.146162 0.106326 0.000000  
-231.075592 -78.778595 135.724762 1.000000  
0.865377 -0.193549 0.462235 0.000000  
0.383942 -0.336695 -0.859782 0.000000  
0.322042 0.921507 -0.217056 0.000000  
-29.543200 -7.997810 18.860655 1.000000  
0.847537 -0.229915 0.478354 0.000000  
0.522350 0.520955 -0.675097 0.000000  
-0.093986 0.822037 0.561623 0.000000  
-6.715616 -2.706291 -23.955208 1.000000  
0.743127 -0.000055 0.669151 0.000000  
0.669151 0.000149 -0.743127 0.000000  
-0.000059 1.000000 0.000147 0.000000  
-11.760988 -0.001593 -6.221352 1.000000  
0.743127 -0.000055 0.669150 0.000000  
0.669150 0.000149 -0.743127 0.000000  
-0.000059 1.000000 0.000147 0.000000  
-11.760242 -0.003907 -6.224292 1.000000  
0.000000 1.000000 0.000000 0.000000  
-0.370211 0.000000 0.928948 0.000000  
0.928948 -0.000000 0.370211 0.000000  
35.918461 -0.000002 32.801186 1.000000  
0.000000 1.000000 0.000000 0.000000  
-0.669130 0.000000 0.743146 0.000000  
0.743146 -0.000000 0.669130 0.000000  
-38.228195 0.000000 -15.946484 1.000000  
0.166596 -0.713416 0.680649 0.000000  
-0.632924 0.451942 0.628614 0.000000  
-0.756077 -0.535524 -0.376247 0.000000  
77.508995 128.614700 -1.859668 1.000000  
0.342771 -0.936491 -0.074114 0.000000  
-0.658193 -0.295702 0.692345 0.000000  
-0.670291 -0.188534 -0.717750 0.000000  
64.545723 164.031906 0.943265 1.000000  
-0.310019 -0.739463 -0.597563 0.000000  
-0.268438 -0.534874 0.801156 0.000000  
-0.912046 0.408782 -0.032679 0.000000  
-52.840088 168.151428 -15.727581 1.000000  
-0.355824 -0.909154 0.216397 0.000000  
-0.028780 0.242102 0.969824 0.000000  
-0.934110 0.338859 -0.112312 0.000000  
-64.564713 140.185623 -38.326851 1.000000  
-0.002663 0.966267 0.257529 0.000000  
-0.144724 -0.255191 0.955998 0.000000  
0.989469 -0.034724 0.140521 0.000000  
5.819125 161.690628 -8.242441 1.000000  
-0.016784 0.997554 -0.067849 0.000000  
-0.011076 0.067669 0.997646 0.000000  
0.999798 0.017496 0.009914 0.000000  
-1.348303 161.324615 34.371506 1.000000  
0.035945 0.984335 -0.172607 0.000000  
-0.470930 0.169023 0.865827 0.000000  
0.881438 0.050163 0.469628 0.000000  
0.000001 79.116669 -1.532129 1.000000  
-0.287179 -0.632654 0.719222 0.000000  
0.882001 0.118227 0.456172 0.000000  
-0.373630 0.765358 0.524049 0.000000  
86.198357 91.404190 33.641750 1.000000  
0.076883 -0.654324 0.752293 0.000000  
-0.980989 -0.184498 -0.060216 0.000000  
0.178197 -0.733361 -0.656069 0.000000  
-83.123878 92.765770 -27.039957 1.000000  
-0.916755 -0.195347 0.348432 0.000000  
0.245751 0.411844 0.877491 0.000000  
-0.314913 0.890068 -0.329552 0.000000  
73.035057 102.479691 49.077793 1.000000  
-0.808437 -0.467829 -0.357171 0.000000  
-0.432198 0.059908 0.899789 0.000000  
-0.399547 0.881783 -0.250624 0.000000  
61.965992 100.121033 53.284817 1.000000  
-0.920038 -0.368915 -0.132064 0.000000  
0.101401 -0.549712 0.829171 0.000000  
-0.378491 0.749478 0.543165 0.000000  
71.149506 80.946617 65.618073 1.000000  
-0.407254 0.382607 -0.829320 0.000000  
-0.828842 -0.536212 0.159638 0.000000  
-0.383612 0.752387 0.535495 0.000000  
62.630146 77.530548 64.395187 1.000000  
0.682581 0.615764 -0.393610 0.000000  
-0.612795 0.188779 -0.767356 0.000000  
-0.398205 0.764984 0.506194 0.000000  
58.916805 81.019157 56.833458 1.000000  
0.467940 -0.358721 0.807680 0.000000  
-0.771481 0.280013 0.571332 0.000000  
-0.431107 -0.890455 -0.145716 0.000000  
-83.149643 103.969849 -6.824094 1.000000  
0.822318 -0.503678 0.264759 0.000000  
-0.356650 -0.093665 0.929534 0.000000  
-0.443387 -0.858799 -0.256659 0.000000  
-77.499649 99.638588 2.927972 1.000000  
0.812756 -0.278991 0.511451 0.000000  
-0.554516 -0.639739 0.532219 0.000000  
0.178711 -0.716172 -0.674656 0.000000  
-83.152328 81.089455 7.916780 1.000000  
0.924263 0.353358 -0.144443 0.000000  
0.342109 -0.598832 0.724139 0.000000  
0.169383 -0.718709 -0.674364 0.000000  
-75.626381 78.506065 12.652711 1.000000  
0.199223 0.682153 -0.703541 0.000000  
0.970386 -0.037217 0.238700 0.000000  
0.136645 -0.730259 -0.669365 0.000000  
-67.198967 81.727974 11.335685 1.000000  
0.870468 -0.202440 0.448659 0.000000  
-0.458896 -0.663462 0.590968 0.000000  
0.178032 -0.720306 -0.670420 0.000000  
-79.346100 66.034348 -5.714799 1.000000  
0.822468 0.480478 -0.304423 0.000000  
0.541534 -0.497717 0.677520 0.000000  
0.174017 -0.722094 -0.669551 0.000000  
-72.064384 64.340889 -1.961643 1.000000  
-0.124730 0.652542 -0.747404 0.000000  
0.976834 0.212828 0.022797 0.000000  
0.173944 -0.727246 -0.663971 0.000000  
-65.816483 67.990852 -4.274199 1.000000  
-0.922762 -0.353858 -0.152658 0.000000  
0.075580 -0.554591 0.828678 0.000000  
-0.377898 0.753135 0.538499 0.000000  
78.782127 65.187035 54.648129 1.000000  
-0.364610 0.409227 -0.836425 0.000000  
-0.850041 -0.512949 0.119582 0.000000  
-0.380107 0.754597 0.534886 0.000000  
71.062965 62.226906 53.371105 1.000000  
0.721420 0.599338 -0.346924 0.000000  
-0.581986 0.253224 -0.772762 0.000000  
-0.375296 0.759391 0.531487 0.000000  
68.293198 65.335609 47.017178 1.000000  
1.000000 0.000000 0.000000 0.000000  
0.000000 1.000000 0.000000 0.000000  
0.000000 0.000000 1.000000 0.000000  
0.000000 0.000000 0.000000 1.000000  
1.000000 0.000000 0.000000 0.000000  
0.000000 0.000000 -1.000000 0.000000  
0.000000 1.000000 0.000000 0.000000  
0.000000 0.000001 0.000000 1.000000  
0.000000 1.000000 0.000000 0.000000  
0.000000 -0.000000 1.000000 0.000000  
1.000000 0.000000 -0.000000 0.000000  
0.000001 0.000001 6.479099 1.000000  
0.881438 0.050164 0.469628 0.000000  
0.470930 -0.169023 -0.865827 0.000000  
0.035945 0.984335 -0.172607 0.000000  
-3.910075 -7.950104 15.105648 1.000000  
0.845700 0.322798 0.424963 0.000000  
0.518359 -0.307564 -0.797940 0.000000  
-0.126870 0.895101 -0.427432 0.000000  
11.323256 -6.408485 38.685074 1.000000  
0.847160 0.343680 0.405222 0.000000  
0.338394 0.238998 -0.910148 0.000000  
-0.409646 0.908166 0.086170 0.000000  
26.894508 -7.236454 10.491728 1.000000  
0.928943 -0.000022 0.370223 0.000000  
0.370223 -0.000357 -0.928943 0.000000  
0.000153 1.000000 -0.000324 0.000000  
15.477383 0.001062 13.381447 1.000000  
0.928947 0.000000 0.370211 0.000000  
0.370211 0.000000 -0.928948 0.000000  
-0.000000 1.000000 -0.000000 0.000000  
15.477800 0.005585 13.380203 1.000000  
-0.012782 0.997287 -0.072490 0.000000  
-0.464074 0.058299 0.883876 0.000000  
0.885704 0.044938 0.462070 0.000000  
0.016176 79.548859 -1.609694 1.000000  
0.910282 0.003687 0.413972 0.000000  
0.412432 -0.094687 -0.906054 0.000000  
0.035857 0.995500 -0.087712 0.000000  
-3.924866 -9.106422 6.238102 1.000000  
0.940348 -0.054882 0.335756 0.000000  
0.336705 0.008797 -0.941569 0.000000  
0.048722 0.998454 0.026751 0.000000  
-5.341025 -9.573845 -7.113219 1.000000  
0.966561 -0.088635 0.240633 0.000000  
0.249914 0.115275 -0.961381 0.000000  
0.057473 0.989371 0.133571 0.000000  
-6.234344 -8.685364 -20.468872 1.000000  
0.057860 0.996693 0.057052 0.000000  
-0.162958 -0.046952 0.985515 0.000000  
0.984935 -0.066319 0.159702 0.000000  
4.250961 134.664307 -9.783932 1.000000  
0.989468 -0.034747 0.140520 0.000000  
0.144557 0.186726 -0.971719 0.000000  
0.007526 0.981797 0.189782 0.000000  
2.721162 -8.266357 -28.445772 1.000000  
0.985619 0.031178 0.166084 0.000000  
0.164034 0.059636 -0.984651 0.000000  
-0.040604 0.997733 0.053664 0.000000  
10.693174 -9.392487 -5.046515 1.000000  
0.999797 0.017552 0.009916 0.000000  
0.011083 -0.067668 -0.997647 0.000000  
-0.016839 0.997554 -0.067849 0.000000  
1.901458 -13.258591 15.568027 1.000000  
0.875387 0.181899 -0.447896 0.000000  
0.481147 -0.238025 0.843707 0.000000  
0.046859 -0.954074 -0.295884 0.000000  
25.374344 155.881348 20.990961 1.000000  
0.327150 -0.944162 -0.039131 0.000000  
0.670548 0.261123 -0.694392 0.000000  
0.665836 0.200931 0.718533 0.000000  
-79.922768 181.548508 -113.902725 1.000000  
0.210294 -0.721655 0.659538 0.000000  
0.622358 -0.421450 -0.659582 0.000000  
0.753953 0.549176 0.360499 0.000000  
-83.297112 108.619774 -119.687241 1.000000  
-0.181185 -0.636597 0.749614 0.000000  
0.383971 -0.747522 -0.542013 0.000000  
0.905392 0.189625 0.379872 0.000000  
-48.410217 162.138275 -137.855515 1.000000  
-0.243287 -0.762569 0.599419 0.000000  
0.901628 -0.405630 -0.150099 0.000000  
0.357601 0.503935 0.786239 0.000000  
59.441086 131.927216 -179.398468 1.000000  
-0.334503 -0.928543 0.160981 0.000000  
0.902323 -0.266283 0.338973 0.000000  
-0.271889 0.258643 0.926924 0.000000  
179.972351 202.915802 -121.834549 1.000000  
-0.914210 -0.393541 -0.096723 0.000000  
0.380630 -0.751923 -0.538269 0.000000  
0.139099 -0.528902 0.837200 0.000000  
215.780243 240.007599 -61.151474 1.000000  
-0.446489 0.364772 -0.817070 0.000000  
0.374602 -0.753062 -0.540899 0.000000  
-0.812599 -0.547574 0.199585 0.000000  
287.593689 97.722641 185.240051 1.000000  
0.595583 0.664948 -0.450706 0.000000  
0.420516 -0.736129 -0.530359 0.000000  
-0.684431 0.126343 -0.718041 0.000000  
56.685970 -76.651047 267.065460 1.000000  
-0.915236 -0.385693 -0.116597 0.000000  
0.385293 -0.753054 -0.533348 0.000000  
0.117901 -0.533058 0.837818 0.000000  
219.685577 239.109558 -57.309082 1.000000  
-0.408004 0.379307 -0.830465 0.000000  
0.376729 -0.758618 -0.531577 0.000000  
-0.831626 -0.529739 0.166620 0.000000  
283.726868 92.267609 193.022064 1.000000  
0.653365 0.626596 -0.424855 0.000000  
0.374687 -0.755290 -0.537724 0.000000  
-0.657817 0.192142 -0.728251 0.000000  
43.238068 -79.052032 263.765076 1.000000  
-0.701643 0.237280 -0.671859 0.000000  
-0.711969 -0.196126 0.674266 0.000000  
0.028221 0.951437 0.306547 0.000000  
-21.442823 157.525436 14.342175 1.000000  
0.331825 0.753131 0.568055 0.000000  
0.256647 0.507385 -0.822613 0.000000  
-0.907758 0.418753 -0.024926 0.000000  
122.658432 133.088760 32.659870 1.000000  
0.373520 0.911804 -0.170576 0.000000  
0.047783 -0.202554 -0.978105 0.000000  
-0.926391 0.357191 -0.119226 0.000000  
132.874023 169.148300 -20.425446 1.000000  
0.023770 0.689565 -0.723831 0.000000  
0.173073 -0.715943 -0.676367 0.000000  
-0.984625 -0.109199 -0.136363 0.000000  
89.345512 222.922974 -103.501717 1.000000  
0.190416 0.877757 -0.439633 0.000000  
-0.571319 -0.265098 -0.776735 0.000000  
-0.798340 0.399074 0.451004 0.000000  
76.248138 170.617188 -159.798508 1.000000  
-0.127160 0.970960 -0.202640 0.000000  
-0.862591 -0.209112 -0.460665 0.000000  
-0.489668 0.116221 0.864132 0.000000  
-33.104950 234.392792 -184.229675 1.000000  
-0.788109 0.307548 -0.533187 0.000000  
0.174199 -0.719373 -0.672427 0.000000  
-0.590373 -0.622832 0.513373 0.000000  
-125.945999 240.565155 -179.236069 1.000000  
-0.937050 -0.332425 0.106870 0.000000  
0.179037 -0.720166 -0.670304 0.000000  
0.299787 -0.608983 0.734357 0.000000  
-305.598572 115.459625 -93.971878 1.000000  
-0.295353 -0.705205 0.644553 0.000000  
0.154964 -0.701080 -0.696042 0.000000  
