1660  
71 
1.000000 0.000000 0.000000 0.000000  
0.000000 1.000000 0.000000 0.000000  
0.000000 0.000000 1.000000 0.000000  
0.000000 0.000000 0.000000 1.000000  
1.000000 0.000000 0.000000 0.000000  
0.000000 0.000000 -1.000000 0.000000  
0.000000 1.000000 0.000000 0.000000  
0.000000 0.000001 0.000000 1.000000  
0.000000 1.000000 0.000000 0.000000  
0.000000 -0.000000 1.000000 0.000000  
1.000000 0.000000 -0.000000 0.000000  
0.000001 0.000001 6.479099 1.000000  
0.993343 0.000000 -0.115197 0.000000  
-0.115197 0.000000 -0.993343 0.000000  
-0.000000 1.000000 0.000000 0.000000  
0.176498 -7.782928 8.904757 1.000000  
0.997358 -0.059646 -0.041462 0.000000  
0.001776 0.590634 -0.806938 0.000000  
0.072619 0.804732 0.589180 0.000000  
-6.541464 10.074379 -45.425636 1.000000  
0.996303 -0.067850 -0.052699 0.000000  
-0.000394 0.609791 -0.792562 0.000000  
0.085911 0.789653 0.607509 0.000000  
-7.256880 11.134506 -46.153687 1.000000  
0.999388 -0.033880 -0.008671 0.000000  
0.018866 0.731071 -0.682040 0.000000  
0.029447 0.681459 0.731263 0.000000  
-6.091053 12.520253 -50.244076 1.000000  
0.996197 -0.086933 -0.005761 0.000000  
-0.000000 0.066118 -0.997812 0.000000  
0.087124 0.994018 0.065867 0.000000  
-6.538353 3.009417 -51.801720 1.000000  
0.022719 0.993360 0.112784 0.000000  
0.106758 -0.114579 0.987662 0.000000  
0.994026 -0.010398 -0.108652 0.000000  
-0.000006 81.371658 7.382753 1.000000  
0.997653 -0.016177 -0.066532 0.000000  
-0.064717 0.094516 -0.993418 0.000000  
0.022358 0.995392 0.093247 0.000000  
-2.001494 -7.292747 -0.832927 1.000000  
0.999934 -0.010450 -0.004777 0.000000  
-0.002405 0.216155 -0.976357 0.000000  
0.011236 0.976304 0.216116 0.000000  
-0.773389 -5.202400 -15.229627 1.000000  
0.998329 -0.013097 0.056292 0.000000  
0.057426 0.334694 -0.940576 0.000000  
-0.006522 0.942236 0.334886 0.000000  
1.313500 -1.207634 -30.215740 1.000000  
0.004882 0.958713 0.284336 0.000000  
-0.098347 -0.282500 0.954213 0.000000  
0.995140 -0.032623 0.092908 0.000000  
0.884784 137.308258 9.614157 1.000000  
0.994522 -0.044176 0.094735 0.000000  
0.104528 0.420303 -0.901343 0.000000  
-0.000000 0.906308 0.422619 0.000000  
-0.294124 3.304901 -43.517780 1.000000  
0.999985 0.004720 0.002689 0.000000  
0.002376 0.065186 -0.997871 0.000000  
-0.004886 0.997862 0.065173 0.000000  
1.821370 -7.869690 18.713476 1.000000  
0.996202 0.008799 -0.086627 0.000000  
-0.087073 0.100672 -0.991103 0.000000  
-0.000000 0.994881 0.101056 0.000000  
-1.761707 -6.267853 12.715698 1.000000  
0.859884 0.294366 -0.417072 0.000000  
0.508351 -0.419043 0.752318 0.000000  
0.046685 -0.858925 -0.509970 0.000000  
21.758768 151.046066 43.590687 1.000000  
0.338692 -0.940336 0.032520 0.000000  
0.300373 0.075305 -0.950845 0.000000  
0.891664 0.331812 0.307957 0.000000  
-119.836868 160.920319 -19.025888 1.000000  
0.227227 -0.916435 0.329417 0.000000  
0.385582 -0.225957 -0.894578 0.000000  
0.894256 0.330290 0.302018 0.000000  
-110.653549 163.064835 -47.603714 1.000000  
-0.200725 -0.922600 0.329418 0.000000  
0.246206 -0.372979 -0.894579 0.000000  
0.948207 -0.098461 0.302018 0.000000  
-54.549721 240.128387 -47.603733 1.000000  
-0.513794 -0.842554 0.161588 0.000000  
0.620692 -0.495098 -0.607961 0.000000  
0.592249 -0.212073 0.777356 0.000000  
58.490097 245.676056 -99.157143 1.000000  
-0.691228 -0.697902 -0.187415 0.000000  
0.722316 -0.659598 -0.207802 0.000000  
0.021411 -0.279019 0.960061 0.000000  
185.235016 230.067505 -64.988785 1.000000  
-0.712486 -0.694950 0.097034 0.000000  
0.245257 -0.376202 -0.893489 0.000000  
0.657434 -0.612793 0.438477 0.000000  
88.346863 286.070923 -28.395073 1.000000  
-0.962697 -0.211075 -0.169350 0.000000  
0.239629 -0.374154 -0.895873 0.000000  
0.125730 -0.903021 0.410769 0.000000  
226.573914 242.533051 27.393864 1.000000  
-0.861312 0.353175 -0.365256 0.000000  
0.240688 -0.349492 -0.905498 0.000000  
-0.447466 -0.867823 0.216010 0.000000  
303.275757 123.294632 99.701363 1.000000  
-0.712134 -0.695483 0.095784 0.000000  
0.248444 -0.377264 -0.892160 0.000000  
0.656617 -0.611534 0.441448 0.000000  
88.534309 285.817230 -28.583988 1.000000  
-0.961303 -0.213216 -0.174507 0.000000  
0.246177 -0.380243 -0.891523 0.000000  
0.123729 -0.899969 0.418010 0.000000  
226.575073 242.482666 27.094910 1.000000  
-0.857094 0.347633 -0.380190 0.000000  
0.243313 -0.377335 -0.893543 0.000000  
-0.454096 -0.858348 0.238821 0.000000  
303.605225 123.829102 98.345520 1.000000  
-0.736053 0.366314 -0.569246 0.000000  
-0.676458 -0.366853 0.638611 0.000000  
0.025103 0.855122 0.517819 0.000000  
-25.297535 153.136261 39.108238 1.000000  
0.340983 0.939881 -0.018857 0.000000  
-0.231072 0.064353 -0.970807 0.000000  
-0.911228 0.335386 0.239123 0.000000  
124.533325 165.714325 -17.197571 1.000000  
0.400833 0.863174 0.307026 0.000000  
-0.109551 0.377880 -0.919351 0.000000  
-0.909578 0.334871 0.246028 0.000000  
128.362930 153.984711 12.524606 1.000000  
-0.021449 0.951458 0.307026 0.000000  
-0.265131 0.290688 -0.919352 0.000000  
-0.963976 -0.101123 0.246026 0.000000  
76.608406 243.863358 12.524925 1.000000  
-0.351189 0.839880 0.413834 0.000000  
-0.668176 0.084811 -0.739151 0.000000  
-0.655905 -0.536104 0.531409 0.000000  
-31.197758 298.165649 -17.400858 1.000000  
-0.567252 0.545917 0.616601 0.000000  
-0.815528 -0.268160 -0.512842 0.000000  
-0.114630 -0.793765 0.597329 0.000000  
-160.185410 286.485748 9.080025 1.000000  
-0.575334 0.718963 0.389961 0.000000  
-0.264809 0.287360 -0.920490 0.000000  
-0.773869 -0.632861 0.025061 0.000000  
-56.852264 291.882690 65.258194 1.000000  
-0.918131 0.222657 0.327785 0.000000  
-0.258805 0.289459 -0.921539 0.000000  
-0.300085 -0.930940 -0.208136 0.000000  
-203.004761 247.293320 92.913033 1.000000  
-0.925785 -0.352310 0.137059 0.000000  
-0.255104 0.314668 -0.914279 0.000000  
0.278970 -0.881411 -0.381195 0.000000  
-302.589722 123.476730 83.926216 1.000000  
-0.574955 0.718564 0.391253 0.000000  
-0.268191 0.286261 -0.919853 0.000000  
-0.772986 -0.633811 0.028126 0.000000  
-57.071960 291.830383 64.968063 1.000000  
-0.916628 0.220979 0.333081 0.000000  
-0.266509 0.283177 -0.921295 0.000000  
-0.297925 -0.933269 -0.200675 0.000000  
-203.000763 247.434875 92.644958 1.000000  
-0.921372 -0.357714 0.151987 0.000000  
-0.263092 0.286186 -0.921347 0.000000  
0.286072 -0.888910 -0.357799 0.000000  
-302.757263 124.767075 83.191772 1.000000  
0.996633 0.079282 -0.020922 0.000000  
0.023287 -0.518328 -0.854865 0.000000  
-0.078620 0.851499 -0.518429 0.000000  
7.017839 8.099335 56.957584 1.000000  
0.996208 0.083736 -0.023638 0.000000  
0.034281 -0.627437 -0.777912 0.000000  
-0.079970 0.774152 -0.627928 0.000000  
7.090864 12.433773 63.046806 1.000000  
0.999195 0.039807 -0.004922 0.000000  
-0.000423 -0.112247 -0.993680 0.000000  
-0.040108 0.992883 -0.112140 0.000000  
6.317722 5.654089 52.204136 1.000000  
0.999234 0.038884 -0.004308 0.000000  
-0.000000 -0.110123 -0.993918 0.000000  
-0.039122 0.993157 -0.110039 0.000000  
6.320301 5.658993 52.207256 1.000000  
0.087124 0.994018 0.065867 0.000000  
0.000000 -0.066118 0.997812 0.000000  
0.996197 -0.086933 -0.005761 0.000000  
19.853514 4.216110 -42.771507 1.000000  
-0.039122 0.993157 -0.110039 0.000000  
0.000001 0.110123 0.993918 0.000000  
0.999234 0.038884 -0.004309 0.000000  
-19.777878 4.384779 63.673893 1.000000  
0.191175 -0.912109 0.362642 0.000000  
-0.397568 0.265838 0.878219 0.000000  
-0.897436 -0.312068 -0.311804 0.000000  
73.009697 128.622375 24.675785 1.000000  
0.337741 -0.941215 -0.006658 0.000000  
-0.287864 -0.110026 0.951329 0.000000  
-0.896139 -0.319386 -0.308103 0.000000  
60.236649 164.218246 24.927589 1.000000  
-0.337215 -0.941212 -0.020138 0.000000  
0.218530 -0.099065 0.970788 0.000000  
-0.915713 0.322964 0.239089 0.000000  
-58.234253 169.527969 13.635736 1.000000  
-0.376563 -0.885939 -0.270761 0.000000  
0.129604 -0.339783 0.931531 0.000000  
-0.917280 0.315689 0.242771 0.000000  
-70.987396 133.932220 12.874134 1.000000  
-0.007349 0.874516 0.484941 0.000000  
-0.104270 -0.482980 0.869401 0.000000  
0.994522 -0.044176 0.094735 0.000000  
1.017138 163.295547 17.321468 1.000000  
-0.000000 0.994881 0.101056 0.000000  
0.087073 -0.100672 0.991102 0.000000  
0.996202 0.008799 -0.086628 0.000000  
0.903814 162.688095 60.531097 1.000000  
0.000000 1.000000 0.000000 0.000000  
0.115197 -0.000000 0.993343 0.000000  
0.993343 0.000000 -0.115197 0.000000  
0.000003 80.922661 7.382828 1.000000  
-0.307419 -0.896346 0.319457 0.000000  
0.922041 -0.197598 0.332866 0.000000  
-0.235239 0.396882 0.887213 0.000000  
82.981041 81.048386 43.590523 1.000000  
0.131428 -0.942764 -0.306461 0.000000  
-0.956937 -0.201375 0.209101 0.000000  
-0.258847 0.265782 -0.928632 0.000000  
-90.628265 87.723206 -1.248297 1.000000  
-0.885017 -0.061218 0.461509 0.000000  
0.457418 -0.298894 0.837525 0.000000  
0.086670 0.952318 0.292526 0.000000  
72.500885 83.160294 64.082481 1.000000  
-0.976779 0.091844 -0.193548 0.000000  
-0.213886 -0.366401 0.905555 0.000000  
0.012253 0.925907 0.377530 0.000000  
61.815033 82.421135 69.654823 1.000000  
-0.740750 -0.667080 0.079341 0.000000  
0.627233 -0.644496 0.437268 0.000000  
-0.240558 0.373671 0.895825 0.000000  
69.237831 56.320656 67.211922 1.000000  
-0.965366 -0.174016 -0.194413 0.000000  
0.084901 -0.914062 0.396581 0.000000  
-0.246717 0.366339 0.897178 0.000000  
62.378643 50.143642 67.946602 1.000000  
-0.797620 0.428660 -0.424326 0.000000  
-0.534045 -0.828903 0.166493 0.000000  
-0.280356 0.359407 0.890072 0.000000  
53.576443 48.556969 66.173943 1.000000  
0.838233 -0.473979 0.269644 0.000000  
-0.541213 -0.662574 0.517781 0.000000  
-0.066758 -0.579950 -0.811906 0.000000  
-80.913147 75.244942 15.607672 1.000000  
0.985845 0.025676 -0.165677 0.000000  
0.104158 -0.868159 0.485237 0.000000  
-0.131375 -0.495624 -0.858544 0.000000  
-70.792183 69.522034 18.863398 1.000000  
0.608813 -0.691273 -0.389202 0.000000  
-0.749625 -0.661865 0.002949 0.000000  
-0.259638 0.289959 -0.921147 0.000000  
-82.520721 51.893383 1.718033 1.000000  
0.928381 -0.179092 -0.325606 0.000000  
-0.261175 -0.937777 -0.228869 0.000000  
-0.264357 0.297517 -0.917387 0.000000  
-76.883240 45.492340 -1.885892 1.000000  
0.879041 0.457426 -0.134254 0.000000  
0.373252 -0.835594 -0.403106 0.000000  
-0.296572 0.304235 -0.905254 0.000000  
-68.418274 43.859379 -4.854767 1.000000  
0.613445 -0.689411 -0.385213 0.000000  
-0.745703 -0.666268 0.004892 0.000000  
-0.260027 0.284253 -0.922814 0.000000  
-87.754379 57.517323 -17.463861 1.000000  
0.931940 -0.172163 -0.319109 0.000000  
-0.250409 -0.942111 -0.223025 0.000000  
-0.262240 0.287753 -0.921102 0.000000  
-82.622742 51.750206 -20.686274 1.000000  
0.884471 0.451738 -0.116701 0.000000  
0.381137 -0.843832 -0.377767 0.000000  
-0.269128 0.289644 -0.918518 0.000000  
-75.543236 50.442368 -23.110395 1.000000  
-0.744722 -0.662421 0.081172 0.000000  
0.622776 -0.646076 0.441289 0.000000  
-0.239876 0.379190 0.893686 0.000000  
74.007980 48.246685 48.799389 1.000000  
-0.967267 -0.164085 -0.193597 0.000000  
0.073990 -0.912048 0.403343 0.000000  
-0.242752 0.375817 0.894334 0.000000  
67.778175 42.705345 49.478420 1.000000  
-0.802706 0.435738 -0.407180 0.000000  
-0.541437 -0.818699 0.191259 0.000000  
-0.250019 0.373987 0.893099 0.000000  
60.430305 41.458870 48.007759 1.000000  
1.000000 0.000000 0.000000 0.000000  
0.000000 1.000000 0.000000 0.000000  
0.000000 0.000000 1.000000 0.000000  
0.000000 0.000000 0.000000 1.000000  
1.000000 0.000000 0.000000 0.000000  
0.000000 0.000000 -1.000000 0.000000  
0.000000 1.000000 0.000000 0.000000  
0.000000 0.000001 0.000000 1.000000  
0.000000 1.000000 0.000000 0.000000  
0.000000 -0.000000 1.000000 0.000000  
1.000000 0.000000 -0.000000 0.000000  
0.000001 0.000001 6.479099 1.000000  
0.993357 -0.001124 -0.115071 0.000000  
-0.115068 0.002362 -0.993355 0.000000  
0.001388 0.999997 0.002217 0.000000  
-0.492570 -7.769829 8.708100 1.000000  
0.997826 -0.049777 -0.043195 0.000000  
-0.004403 0.603599 -0.797276 0.000000  
0.065758 0.795733 0.602068 0.000000  
-6.480080 10.603676 -46.538769 1.000000  
0.997055 -0.056960 -0.051361 0.000000  
-0.008756 0.580746 -0.814038 0.000000  
0.076196 0.812090 0.578536 0.000000  
-7.045376 9.855141 -45.036720 1.000000  
0.999483 -0.031585 -0.006040 0.000000  
0.021156 0.787318 -0.616185 0.000000  
0.024218 0.615738 0.787579 0.000000  
-5.978004 13.336365 -51.202198 1.000000  
0.995991 -0.089250 -0.005989 0.000000  
0.000753 0.075321 -0.997159 0.000000  
0.089447 0.993157 0.075086 0.000000  
-6.473637 2.981055 -53.400837 1.000000  
0.023928 0.993072 0.115049 0.000000  
0.106509 -0.116959 0.987410 0.000000  
0.994024 -0.011373 -0.108569 0.000000  
-0.545136 81.388077 7.383748 1.000000  
0.997642 -0.016137 -0.066711 0.000000  
-0.064844 0.096941 -0.993176 0.000000  
0.022494 0.995160 0.095666 0.000000  
-2.539957 -7.255966 -1.050041 1.000000  
0.999947 -0.008855 -0.005212 0.000000  
-0.003151 0.218601 -0.975810 0.000000  
0.009780 0.975775 0.218561 0.000000  
-1.124906 -5.130989 -15.450152 1.000000  
0.998376 -0.009895 0.056098 0.000000  
0.056146 0.337173 -0.939768 0.000000  
-0.009615 0.941391 0.337181 0.000000  
1.168742 -1.096611 -30.418003 1.000000  
0.000383 0.958075 0.286519 0.000000  
-0.097879 -0.285108 0.953486 0.000000  
0.995198 -0.028409 0.093666 0.000000  
0.283665 137.319717 9.749206 1.000000  
0.994571 -0.039897 0.096109 0.000000  
0.103954 0.422766 -0.900257 0.000000  
-0.004714 0.905361 0.424619 0.000000  
-0.205275 3.429916 -43.678596 1.000000  
0.999883 0.012490 0.008861 0.000000  
0.008002 0.067178 -0.997710 0.000000  
-0.013056 0.997663 0.067071 0.000000  
2.422575 -7.866531 18.581829 1.000000  
0.996198 0.010202 -0.086518 0.000000  
-0.087109 0.102728 -0.990889 0.000000  
-0.001222 0.994658 0.103227 0.000000  
-2.535563 -6.258560 12.538418 1.000000  
0.858983 0.299567 -0.415220 0.000000  
0.509415 -0.418584 0.751854 0.000000  
0.051426 -0.857350 -0.512160 0.000000  
21.052162 151.075775 43.788467 1.000000  
0.340531 -0.939823 0.027792 0.000000  
0.281199 0.073594 -0.956824 0.000000  
0.897199 0.333643 0.289338 0.000000  
-121.422104 160.852966 -15.127859 1.000000  
0.238854 -0.917722 0.317389 0.000000  
0.365640 -0.217796 -0.904916 0.000000  
0.899587 0.332193 0.283535 0.000000  
-113.142723 163.022125 -42.959839 1.000000  
-0.190325 -0.929014 0.317343 0.000000  
0.231208 -0.356578 -0.905205 0.000000  
0.954109 -0.098912 0.282663 0.000000  
-57.012512 241.163651 -42.798084 1.000000  
-0.506829 -0.847674 0.156734 0.000000  
0.611523 -0.481694 -0.627700 0.000000  
0.607590 -0.222294 0.762519 0.000000  
55.020905 248.136475 -96.337120 1.000000  
-0.691393 -0.698008 -0.186407 0.000000  
0.721335 -0.652442 -0.232351 0.000000  
0.040567 -0.295117 0.954614 0.000000  
182.450455 232.572937 -64.795586 1.000000  
-0.707363 -0.699974 0.098396 0.000000  
0.230294 -0.359824 -0.904154 0.000000  
0.668288 -0.616898 0.415723 0.000000  
86.004997 287.473907 -25.464104 1.000000  
-0.964707 -0.212892 -0.155033 0.000000  
0.224613 -0.357763 -0.906398 0.000000  
0.137495 -0.909216 0.392948 0.000000  
225.445251 243.675781 27.003185 1.000000  
-0.869576 0.355082 -0.343160 0.000000  
0.225379 -0.332937 -0.915620 0.000000  
-0.439383 -0.873535 0.209479 0.000000  
304.026154 123.608017 95.837166 1.000000  
-0.707032 -0.700484 0.097130 0.000000  
0.233510 -0.360892 -0.902902 0.000000  
0.667521 -0.615693 0.418729 0.000000  
86.190094 287.224365 -25.660728 1.000000  
-0.963400 -0.214938 -0.160251 0.000000  
0.231269 -0.363893 -0.902274 0.000000  
0.135616 -0.906297 0.400275 0.000000  
225.441101 243.630463 26.703447 1.000000  
-0.865610 0.349815 -0.358261 0.000000  
0.228354 -0.360965 -0.904190 0.000000  
-0.445631 -0.864480 0.232567 0.000000  
304.327881 124.166924 94.484741 1.000000  
-0.737079 0.363862 -0.569491 0.000000  
-0.675497 -0.371163 0.637136 0.000000  
0.020456 0.854309 0.519364 0.000000  
-26.006470 152.963531 39.241024 1.000000  
0.339148 0.940529 -0.019601 0.000000  
-0.250859 0.070337 -0.965465 0.000000  
-0.906669 0.332353 0.259794 0.000000  
123.119156 165.926605 -20.808418 1.000000  
0.404359 0.865671 0.295142 0.000000  
-0.132722 0.374824 -0.917547 0.000000  
-0.904919 0.331846 0.266457 0.000000  
127.499130 154.501144 7.923640 1.000000  
-0.019388 0.955199 0.295323 0.000000  
-0.283667 0.277986 -0.917746 0.000000  
-0.958729 -0.101568 0.265570 0.000000  
75.370125 244.229553 8.106992 1.000000  
-0.346599 0.843764 0.409784 0.000000  
-0.682405 0.072921 -0.727327 0.000000  
-0.643582 -0.531736 0.550521 0.000000  
-33.198257 297.745911 -20.447771 1.000000  
-0.557612 0.551603 0.620324 0.000000  
-0.824040 -0.277689 -0.493811 0.000000  
-0.100139 -0.786525 0.609389 0.000000  
-161.613312 285.924377 8.626495 1.000000  
-0.570676 0.721721 0.391708 0.000000  
-0.283354 0.274645 -0.918849 0.000000  
-0.770745 -0.635363 0.047771 0.000000  
-57.255447 292.419342 62.757004 1.000000  
-0.912623 0.223394 0.342342 0.000000  
-0.277380 0.276752 -0.920038 0.000000  
-0.300292 -0.934620 -0.190605 0.000000  
-202.679611 247.642395 93.747398 1.000000  
-0.921618 -0.353976 0.159081 0.000000  
-0.273641 0.302066 -0.913169 0.000000  
0.275177 -0.885144 -0.375256 0.000000  
-301.926331 123.352264 88.222015 1.000000  
-0.570270 0.721340 0.392997 0.000000  
-0.286719 0.273541 -0.918133 0.000000  
-0.769800 -0.636271 0.050831 0.000000  
-57.480392 292.362518 62.471786 1.000000  
-0.911014 0.221789 0.347629 0.000000  
-0.285053 0.270446 -0.919568 0.000000  
-0.297981 -0.936846 -0.183158 0.000000  
-202.681229 247.780548 93.477524 1.000000  
-0.916901 -0.359174 0.173989 0.000000  
-0.281649 0.273466 -0.919724 0.000000  
0.282750 -0.892319 -0.351905 0.000000  
-302.112854 124.632523 87.474640 1.000000  
0.995766 0.088292 -0.025596 0.000000  
0.022501 -0.504056 -0.863378 0.000000  
-0.089131 0.859146 -0.503909 0.000000  
7.384420 7.660362 55.566643 1.000000  
0.995281 0.092825 -0.028261 0.000000  
0.034827 -0.613595 -0.788853 0.000000  
-0.090566 0.784146 -0.613932 0.000000  
7.461712 11.865730 61.684429 1.000000  
0.999284 0.037598 -0.004189 0.000000  
-0.000623 -0.094382 -0.995536 0.000000  
-0.037825 0.994826 -0.094291 0.000000  
6.425842 4.966801 50.882519 1.000000  
0.999344 0.036063 -0.003209 0.000000  
0.000084 -0.090936 -0.995857 0.000000  
-0.036205 0.995204 -0.090880 0.000000  
6.430126 4.974046 50.888100 1.000000  
0.091467 0.993162 0.072552 0.000000  
0.000024 -0.072860 0.997342 0.000000  
0.995808 -0.091222 -0.006688 0.000000  
19.863029 4.532283 -44.015408 1.000000  
-0.035152 0.995046 -0.092992 0.000000  
0.000056 0.093051 0.995661 0.000000  
0.999382 0.034995 -0.003327 0.000000  
-19.774399 3.753583 62.458923 1.000000  
0.202508 -0.913253 0.353495 0.000000  
-0.377848 0.260154 0.888566 0.000000  
-0.903450 -0.313509 -0.292388 0.000000  
72.361649 128.849762 24.671484 1.000000  
0.337680 -0.941215 -0.009296 0.000000  
-0.268755 -0.105877 0.957371 0.000000  
-0.902077 -0.320786 -0.288709 0.000000  
59.591564 164.445633 25.023046 1.000000  
-0.337364 -0.941213 -0.017407 0.000000  
0.238232 -0.103250 0.965704 0.000000  
-0.910731 0.321647 0.259061 0.000000  
-58.879860 169.330597 13.561845 1.000000  
-0.380255 -0.888336 -0.257421 0.000000  
0.152472 -0.334730 0.929896 0.000000  
-0.912227 0.314348 0.262729 0.000000  
-71.637962 133.734802 12.903579 1.000000  
-0.010937 0.874476 0.484946 0.000000  
-0.103959 -0.483341 0.869237 0.000000  
0.994521 -0.040908 0.096196 0.000000  
0.395186 163.310394 17.333176 1.000000  
-0.000000 0.994881 0.101056 0.000000  
0.086986 -0.100673 0.991109 0.000000  
0.996209 0.008791 -0.086541 0.000000  
0.020220 162.711182 60.540066 1.000000  
0.001388 0.999997 0.002217 0.000000  
0.115069 -0.002362 0.993355 0.000000  
0.993357 -0.001124 -0.115071 0.000000  
-0.545751 80.939079 7.382828 1.000000  
-0.298809 -0.901985 0.311660 0.000000  
0.928645 -0.199592 0.312709 0.000000  
-0.219854 0.382862 0.897263 0.000000  
82.908142 81.216354 43.094414 1.000000  
0.128802 -0.946822 -0.294846 0.000000  
-0.952148 -0.201181 0.230099 0.000000  
-0.277180 0.251099 -0.927427 0.000000  
-91.452576 87.401695 -0.522565 1.000000  
-0.876084 -0.071097 0.476881 0.000000  
0.473863 -0.309631 0.824378 0.000000  
0.089046 0.948192 0.304950 0.000000  
72.810478 82.988861 63.797470 1.000000  
-0.980514 0.091268 -0.173941 0.000000  
-0.195756 -0.380462 0.903855 0.000000  
0.016315 0.920276 0.390908 0.000000  
62.235985 82.130478 69.553276 1.000000  
-0.737102 -0.670649 0.083143 0.000000  
0.637235 -0.648817 0.415894 0.000000  
-0.224975 0.359538 0.905605 0.000000  
69.681747 56.099537 66.585167 1.000000  
-0.968270 -0.174461 -0.178958 0.000000  
0.095197 -0.919516 0.381340 0.000000  
-0.231083 0.352203 0.906948 0.000000  
62.856640 49.889587 67.354713 1.000000  
-0.806835 0.432020 -0.402960 0.000000  
-0.528097 -0.833172 0.164136 0.000000  
-0.264825 0.345232 0.900380 0.000000  
54.029839 48.298855 65.723312 1.000000  
0.844607 -0.467675 0.260609 0.000000  
-0.529311 -0.656283 0.537713 0.000000  
-0.080441 -0.592094 -0.801838 0.000000  
-81.382454 75.202927 16.319967 1.000000  
0.982456 0.025763 -0.184702 0.000000  
0.115812 -0.860574 0.495986 0.000000  
-0.146171 -0.508675 -0.848459 0.000000  
-71.185890 69.556366 19.465361 1.000000  
0.603484 -0.695296 -0.390336 0.000000  
-0.747404 -0.663832 0.026934 0.000000  
-0.277845 0.275484 -0.920277 0.000000  
-83.173737 51.647537 2.815283 1.000000  
0.922582 -0.181473 -0.340433 0.000000  
-0.262722 -0.941759 -0.209964 0.000000  
-0.282503 0.283148 -0.916526 0.000000  
-77.585716 45.209412 -0.798671 1.000000  
0.875066 0.457576 -0.157671 0.000000  
0.367883 -0.840566 -0.397668 0.000000  
-0.314496 0.289980 -0.903883 0.000000  
-69.175453 43.554749 -3.901959 1.000000  
0.608182 -0.693362 -0.386464 0.000000  
-0.743434 -0.668194 0.028868 0.000000  
-0.278249 0.269754 -0.921852 0.000000  
-88.785667 56.971035 -16.335548 1.000000  
0.926243 -0.174440 -0.334109 0.000000  
-0.251836 -0.945978 -0.204261 0.000000  
-0.280428 0.273336 -0.920134 0.000000  
-83.698158 51.171013 -19.568008 1.000000  
0.880841 0.452165 -0.140146 0.000000  
0.376270 -0.848406 -0.372363 0.000000  
-0.287270 0.275260 -0.917446 0.000000  
-76.663483 49.845882 -22.105442 1.000000  
-0.741051 -0.666032 0.085117 0.000000  
0.632859 -0.650470 0.419974 0.000000  
-0.224350 0.365090 0.903536 0.000000  
74.127502 48.316147 47.977245 1.000000  
-0.970187 -0.164552 -0.177959 0.000000  
0.084409 -0.917641 0.388334 0.000000  
-0.227203 0.361735 0.904172 0.000000  
67.928680 42.744701 48.688965 1.000000  
-0.811621 0.438824 -0.385622 0.000000  
-0.535057 -0.823362 0.189183 0.000000  
-0.234488 0.359875 0.903054 0.000000  
60.560230 41.494682 47.337383 1.000000  
1.000000 0.000000 0.000000 0.000000  
0.000000 1.000000 0.000000 0.000000  
0.000000 0.000000 1.000000 0.000000  
0.000000 0.000000 0.000000 1.000000  
1.000000 0.000000 0.000000 0.000000  
0.000000 0.000000 -1.000000 0.000000  
0.000000 1.000000 0.000000 0.000000  
0.000000 0.000001 0.000000 1.000000  
0.000000 1.000000 0.000000 0.000000  
0.000000 -0.000000 1.000000 0.000000  
1.000000 0.000000 -0.000000 0.000000  
0.000001 0.000001 6.479099 1.000000  
0.993361 -0.004303 -0.114959 0.000000  
-0.114946 0.003017 -0.993367 0.000000  
0.004621 0.999986 0.002502 0.000000  
-1.330966 -7.757011 8.682845 1.000000  
0.998141 -0.041702 -0.044459 0.000000  
-0.009440 0.614816 -0.788614 0.000000  
0.060221 0.787567 0.613279 0.000000  
-6.540134 11.051826 -47.513275 1.000000  
0.997629 -0.047660 -0.049649 0.000000  
-0.015439 0.548047 -0.836305 0.000000  
0.067068 0.835088 0.546012 0.000000  
-6.913244 8.503136 -43.674202 1.000000  
0.999486 -0.031789 -0.004124 0.000000  
0.024388 0.837596 -0.545745 0.000000  
0.020802 0.545363 0.837941 0.000000  
-5.973202 14.224305 -51.839539 1.000000  
0.995555 -0.093924 -0.006929 0.000000  
0.000848 0.082515 -0.996590 0.000000  
0.094176 0.992154 0.082228 0.000000  
-6.539028 3.056806 -54.763371 1.000000  
0.026970 0.992953 0.115397 0.000000  
0.106054 -0.117630 0.987379 0.000000  
0.993995 -0.014391 -0.108479 0.000000  
-1.095115 81.400955 7.383876 1.000000  
0.997598 -0.018061 -0.066868 0.000000  
-0.064801 0.097572 -0.993117 0.000000  
0.024461 0.995065 0.096167 0.000000  
-3.246245 -7.234871 -1.097213 1.000000  
0.999943 -0.009096 -0.005634 0.000000  
-0.003504 0.219171 -0.975680 0.000000  
0.010110 0.975644 0.219127 0.000000  
-1.639180 -5.105667 -15.504958 1.000000  
0.998399 -0.008399 0.055929 0.000000  
0.055477 0.337737 -0.939605 0.000000  
-0.010998 0.941203 0.337662 0.000000  
0.870023 -1.064102 -30.462284 1.000000  
-0.002384 0.957972 0.286855 0.000000  
-0.097933 -0.285700 0.953302 0.000000  
0.995190 -0.025820 0.094498 0.000000  
-0.219842 137.330215 9.775581 1.000000  
0.994531 -0.037238 0.097582 0.000000  
0.104155 0.423306 -0.899980 0.000000  
-0.007794 0.905222 0.424869 0.000000  
-0.260582 3.454559 -43.689335 1.000000  
0.999716 0.018474 0.015051 0.000000  
0.013776 0.067288 -0.997639 0.000000  
-0.019443 0.997563 0.067014 0.000000  
2.861946 -7.843094 18.625999 1.000000  
0.996211 0.009630 -0.086443 0.000000  
-0.086976 0.103071 -0.990864 0.000000  
-0.000633 0.994628 0.103518 0.000000  
-3.475166 -6.240143 12.521084 1.000000  
0.858614 0.302406 -0.413924 0.000000  
0.509705 -0.417595 0.752207 0.000000  
0.054619 -0.856834 -0.512691 0.000000  
20.467356 151.132004 43.851398 1.000000  
0.340684 -0.939850 0.024834 0.000000  
0.262026 0.069547 -0.962552 0.000000  
0.902927 0.334434 0.269958 0.000000  
-122.795532 160.950104 -11.364374 1.000000  
0.248459 -0.918759 0.306839 0.000000  
0.345016 -0.212057 -0.914328 0.000000  
0.905115 0.333038 0.264299 0.000000  
-115.378799 163.071533 -38.432808 1.000000  
-0.182226 -0.934173 0.306774 0.000000  
0.215053 -0.342312 -0.914645 0.000000  
0.959453 -0.100701 0.263276 0.000000  
-59.043823 242.186264 -38.241795 1.000000  
-0.501865 -0.851239 0.153348 0.000000  
0.600778 -0.470613 -0.646210 0.000000  
0.622255 -0.232185 0.747599 0.000000  
51.952324 250.252731 -93.751526 1.000000  
-0.693158 -0.696900 -0.183988 0.000000  
0.718356 -0.647011 -0.255604 0.000000  
0.059092 -0.309351 0.949124 0.000000  
179.984894 234.544006 -64.832993 1.000000  
-0.703792 -0.703194 0.101002 0.000000  
0.214166 -0.345576 -0.913626 0.000000  
0.677359 -0.621365 0.393810 0.000000  
84.166382 288.598206 -22.883339 1.000000  
-0.966948 -0.213015 -0.140194 0.000000  
0.208439 -0.343496 -0.915732 0.000000  
0.146905 -0.914672 0.376536 0.000000  
224.663620 244.374039 26.304237 1.000000  
-0.876654 0.357969 -0.321465 0.000000  
0.208976 -0.318532 -0.924591 0.000000  
-0.433385 -0.877718 0.204429 0.000000  
304.793274 123.486176 91.838074 1.000000  
-0.703485 -0.703684 0.099723 0.000000  
0.217407 -0.346654 -0.912451 0.000000  
0.676645 -0.620208 0.396849 0.000000  
84.348335 288.352112 -23.087128 1.000000  
-0.965733 -0.214980 -0.145465 0.000000  
0.215185 -0.349670 -0.911827 0.000000  
0.145156 -0.911869 0.383941 0.000000  
224.653961 244.333267 26.003983 1.000000  
-0.872960 0.352940 -0.336716 0.000000  
0.212228 -0.346721 -0.913644 0.000000  
-0.439221 -0.869028 0.227764 0.000000  
305.068390 124.066139 90.488884 1.000000  
-0.737425 0.361648 -0.570453 0.000000  
-0.675207 -0.373016 0.636361 0.000000  
0.017350 0.854442 0.519258 0.000000  
-26.589369 152.893936 39.234241 1.000000  
0.339050 0.940509 -0.022117 0.000000  
-0.270399 0.074906 -0.959830 0.000000  
-0.901072 0.331410 0.279709 0.000000  
121.779411 165.864502 -24.567135 1.000000  
0.409023 0.867992 0.281587 0.000000  
-0.155176 0.370246 -0.915881 0.000000  
-0.899233 0.330921 0.286130 0.000000  
126.647041 154.790955 3.190448 1.000000  
-0.016356 0.959334 0.281792 0.000000  
-0.301674 0.263961 -0.916143 0.000000  
-0.953273 -0.099995 0.285089 0.000000  
74.262703 244.466095 3.404709 1.000000  
-0.341051 0.848790 0.404018 0.000000  
-0.696199 0.060728 -0.715273 0.000000  
-0.631660 -0.525229 0.570223 0.000000  
-34.967346 297.302856 -23.863272 1.000000  
-0.547274 0.559211 0.622713 0.000000  
-0.832468 -0.286794 -0.474075 0.000000  
-0.086526 -0.777838 0.622485 0.000000  
-162.778931 285.597412 7.801603 1.000000  
-0.565103 0.725962 0.391948 0.000000  
-0.301373 0.260605 -0.917202 0.000000  
-0.768011 -0.636444 0.071518 0.000000  
-57.435883 293.126617 59.849754 1.000000  
-0.906592 0.226155 0.356268 0.000000  
-0.295427 0.262709 -0.918535 0.000000  
-0.301344 -0.938003 -0.171356 0.000000  
-202.129608 248.456528 94.228378 1.000000  
-0.917506 -0.353833 0.181580 0.000000  
-0.291627 0.288129 -0.912105 0.000000  
0.270404 -0.889836 -0.367551 0.000000  
-301.131409 123.862396 92.378448 1.000000  
-0.564672 0.725601 0.393235 0.000000  
-0.304720 0.259504 -0.916408 0.000000  
-0.767006 -0.637305 0.074572 0.000000  
-57.666069 293.065125 59.569695 1.000000  
-0.904880 0.224631 0.361547 0.000000  
-0.303074 0.256392 -0.917829 0.000000  
-0.298887 -0.940115 -0.163923 0.000000  
-202.136658 248.590744 93.956619 1.000000  
-0.912494 -0.358803 0.196470 0.000000  
-0.299681 0.259418 -0.918093 0.000000  
0.278436 -0.896653 -0.344246 0.000000  
-301.335419 125.131271 91.616318 1.000000  
0.994954 0.095703 -0.030115 0.000000  
0.020912 -0.491382 -0.870693 0.000000  
-0.098126 0.865670 -0.490904 0.000000  
7.613604 7.330994 54.312416 1.000000  
0.994419 0.100300 -0.032737 0.000000  
0.034368 -0.601296 -0.798287 0.000000  
-0.099753 0.792706 -0.601387 0.000000  
7.701183 11.424301 60.455219 1.000000  
0.999432 0.033517 -0.003552 0.000000  
-0.000925 -0.078053 -0.996949 0.000000  
-0.033692 0.996386 -0.077977 0.000000  
6.391281 4.375694 49.691048 1.000000  
0.999505 0.031356 -0.002225 0.000000  
0.000085 -0.073478 -0.997297 0.000000  
-0.031435 0.996804 -0.073445 0.000000  
6.397367 4.382472 49.700203 1.000000  
0.095513 0.992251 0.079470 0.000000  
0.000014 -0.079836 0.996808 0.000000  
0.995428 -0.095207 -0.007639 0.000000  
19.872503 4.847924 -45.259724 1.000000  
-0.030289 0.996643 -0.076056 0.000000  
0.000067 0.076093 0.997101 0.000000  
0.999541 0.030196 -0.002372 0.000000  
-19.770872 3.117710 61.245220 1.000000  
0.213411 -0.914382 0.344036 0.000000  
-0.357843 0.254515 0.898426 0.000000  
-0.909068 -0.314845 -0.272889 0.000000  
71.708206 129.074265 24.668182 1.000000  
0.337597 -0.941215 -0.011934 0.000000  
-0.249524 -0.101710 0.963012 0.000000  
-0.907615 -0.322133 -0.269193 0.000000  
58.941006 164.670105 25.119507 1.000000  
-0.337491 -0.941214 -0.014674 0.000000  
0.257828 -0.107419 0.960201 0.000000  
-0.905331 0.320276 0.278924 0.000000  
-59.530991 169.129044 13.487581 1.000000  
-0.383491 -0.890696 -0.244121 0.000000  
0.175309 -0.329730 0.927655 0.000000  
-0.906753 0.312951 0.282596 0.000000  
-72.294144 133.533218 12.932655 1.000000  
-0.014540 0.874436 0.484922 0.000000  
-0.103652 -0.483679 0.869086 0.000000  
0.994507 -0.037626 0.097670 0.000000  
-0.232201 163.321686 17.345198 1.000000  
-0.000000 0.994881 0.101056 0.000000  
0.086917 -0.100674 0.991116 0.000000  
0.996216 0.008784 -0.086472 0.000000  
-0.869867 162.730133 60.549454 1.000000  
0.004621 0.999986 0.002502 0.000000  
0.114947 -0.003017 0.993367 0.000000  
0.993361 -0.004303 -0.114959 0.000000  
-1.097181 80.951965 7.382828 1.000000  
-0.290144 -0.907463 0.303849 0.000000  
0.934947 -0.201050 0.292331 0.000000  
-0.204190 0.368901 0.906763 0.000000  
82.831329 81.381813 42.602962 1.000000  
0.125917 -0.950735 -0.283272 0.000000  
-0.947029 -0.200238 0.251088 0.000000  
-0.295440 0.236651 -0.925587 0.000000  
-92.285500 87.076500 0.201240 1.000000  
-0.866790 -0.080930 0.492055 0.000000  
0.490117 -0.320257 0.810701 0.000000  
0.091973 0.943865 0.317258 0.000000  
73.115906 82.815994 63.518448 1.000000  
-0.983855 0.090710 -0.154256 0.000000  
-0.177723 -0.394396 0.901605 0.000000  
0.020946 0.914447 0.404143 0.000000  
62.652477 81.838837 69.458290 1.000000  
-0.733415 -0.674199 0.086952 0.000000  
0.646835 -0.652796 0.394285 0.000000  
-0.209065 0.345417 0.914866 0.000000  
70.122406 55.876442 65.965965 1.000000  
-0.970931 -0.174897 -0.163442 0.000000  
0.104995 -0.924739 0.365823 0.000000  
-0.215122 0.338028 0.916221 0.000000  
63.331387 49.633575 66.770844 1.000000  
-0.815454 0.435387 -0.381410 0.000000  
-0.522547 -0.837164 0.161567 0.000000  
-0.248959 0.331055 0.910178 0.000000  
54.479725 48.038868 65.280846 1.000000  
0.850835 -0.461362 0.251441 0.000000  
-0.517007 -0.649750 0.557262 0.000000  
-0.093725 -0.604129 -0.791350 0.000000  
-81.860443 75.156441 17.031126 1.000000  
0.978699 0.025858 -0.203661 0.000000  
0.127895 -0.852809 0.506323 0.000000  
-0.160591 -0.521585 -0.837950 0.000000  
-71.588173 69.586014 20.066265 1.000000  
0.598117 -0.699299 -0.391443 0.000000  
-0.744713 -0.665449 0.050894 0.000000  
-0.296076 0.261072 -0.918793 0.000000  
-83.837013 51.397003 3.910246 1.000000  
0.916537 -0.183845 -0.355169 0.000000  
-0.263689 -0.945510 -0.191045 0.000000  
-0.300693 0.268753 -0.915071 0.000000  
-78.298653 44.921757 0.285939 1.000000  
0.870459 0.457745 -0.180962 0.000000  
0.362977 -0.845276 -0.392154 0.000000  
-0.332468 0.275668 -0.901927 0.000000  
-69.942932 43.245461 -2.951993 1.000000  
0.602883 -0.697295 -0.387690 0.000000  
-0.740694 -0.669771 0.052816 0.000000  
-0.296492 0.255318 -0.920275 0.000000  
-89.827400 56.420750 -15.210561 1.000000  
0.920295 -0.176708 -0.349020 0.000000  
-0.252683 -0.949613 -0.185487 0.000000  
-0.298656 0.258894 -0.918574 0.000000  
-84.784187 50.587780 -18.453365 1.000000  
0.876583 0.452610 -0.163470 0.000000  
0.371866 -0.852718 -0.366901 0.000000  
-0.305456 0.260829 -0.915786 0.000000  
-77.794212 49.245411 -21.104296 1.000000  
-0.737341 -0.669624 0.089068 0.000000  
0.642541 -0.654524 0.398420 0.000000  
-0.208495 0.351001 0.912869 0.000000  
74.244087 48.382587 47.161854 1.000000  
-0.972858 -0.165009 -0.162260 0.000000  
0.094334 -0.923001 0.373044 0.000000  
-0.211322 0.347612 0.913515 0.000000  
68.076241 42.781055 47.906685 1.000000  
-0.819936 0.441919 -0.363885 0.000000  
-0.529067 -0.827747 0.186883 0.000000  
-0.218618 0.345751 0.912504 0.000000  
60.686989 41.527561 46.674282 1.000000  
1.000000 0.000000 0.000000 0.000000  
0.000000 1.000000 0.000000 0.000000  
0.000000 0.000000 1.000000 0.000000  
0.000000 0.000000 0.000000 1.000000  
1.000000 0.000000 0.000000 0.000000  
0.000000 0.000000 -1.000000 0.000000  
0.000000 1.000000 0.000000 0.000000  
0.000000 0.000001 0.000000 1.000000  
0.000000 1.000000 0.000000 0.000000  
0.000000 -0.000000 1.000000 0.000000  
1.000000 0.000000 -0.000000 0.000000  
0.000001 0.000001 6.479099 1.000000  
0.993365 -0.007546 -0.114757 0.000000  
-0.114748 0.001569 -0.993393 0.000000  
0.007676 0.999970 0.000693 0.000000  
-2.108323 -7.712173 8.843378 1.000000  
0.998373 -0.034194 -0.045621 0.000000  
-0.014332 0.623974 -0.781314 0.000000  
0.055183 0.780697 0.622469 0.000000  
-6.597261 11.428764 -48.306725 1.000000  
0.998054 -0.039044 -0.048618 0.000000  
-0.021111 0.522072 -0.852640 0.000000  
0.058673 0.852007 0.520232 0.000000  
-6.788843 7.500378 -42.593483 1.000000  
0.999497 -0.031544 -0.003152 0.000000  
0.026020 0.873119 -0.486813 0.000000  
0.018108 0.486486 0.873500 0.000000  
-5.976429 15.064925 -52.242340 1.000000  
0.995059 -0.098922 -0.008469 0.000000  
0.000245 0.087745 -0.996143 0.000000  
0.099283 0.991219 0.087335 0.000000  
-6.596266 3.339714 -55.796059 1.000000  
0.029827 0.993073 0.113650 0.000000  
0.105547 -0.116194 0.987603 0.000000  
0.993967 -0.017462 -0.108281 0.000000  
-1.599761 81.442162 7.383063 1.000000  
0.997558 -0.019999 -0.066921 0.000000  
-0.064708 0.096071 -0.993269 0.000000  
0.026293 0.995174 0.094542 0.000000  
-3.896073 -7.203552 -0.955442 1.000000  
0.999939 -0.009308 -0.005991 0.000000  
-0.003822 0.217646 -0.976020 0.000000  
0.010389 0.975984 0.217597 0.000000  
-2.106795 -5.101280 -15.374207 1.000000  
0.998420 -0.006829 0.055778 0.000000  
0.054824 0.336290 -0.940162 0.000000  
-0.012337 0.941734 0.336133 0.000000  
0.606251 -1.083916 -30.330967 1.000000  
-0.005041 0.958465 0.285167 0.000000  
-0.097950 -0.284272 0.953727 0.000000  
0.995179 -0.023124 0.095314 0.000000  
-0.682085 137.373917 9.681904 1.000000  
0.994488 -0.034467 0.099030 0.000000  
0.104305 0.421952 -0.900598 0.000000  
-0.010745 0.905963 0.423221 0.000000  
-0.292908 3.402054 -43.539688 1.000000  
0.999487 0.024217 0.020979 0.000000  
0.019361 0.065203 -0.997684 0.000000  
-0.025528 0.997578 0.064701 0.000000  
3.296421 -7.762527 18.882051 1.000000  
0.996234 0.008854 -0.086254 0.000000  
-0.086707 0.101355 -0.991065 0.000000  
-0.000032 0.994811 0.101741 0.000000  
-4.359481 -6.177338 12.679668 1.000000  
0.858223 0.304297 -0.413349 0.000000  
0.510027 -0.415079 0.753381 0.000000  
0.057679 -0.857388 -0.511430 0.000000  
19.928064 151.290726 43.762703 1.000000  
0.340819 -0.939827 0.023819 0.000000  
0.242745 0.063496 -0.968010 0.000000  
0.908250 0.335699 0.249779 0.000000  
-124.050964 161.046417 -7.763447 1.000000  
0.257785 -0.919232 0.297592 0.000000  
0.324049 -0.207909 -0.922912 0.000000  
0.910242 0.334347 0.244280 0.000000  
-117.469063 163.065918 -34.016815 1.000000  
-0.174445 -0.938625 0.297571 0.000000  
0.198693 -0.329544 -0.922997 0.000000  
0.964414 -0.101888 0.243987 0.000000  
-60.928291 243.107773 -33.961777 1.000000  
-0.497069 -0.854423 0.151250 0.000000  
0.589636 -0.460486 -0.663535 0.000000  
0.636596 -0.240644 0.732701 0.000000  
48.995174 252.183289 -91.416153 1.000000  
-0.694957 -0.696054 -0.180367 0.000000  
0.714864 -0.641800 -0.277585 0.000000  
0.077459 -0.321856 0.943628 0.000000  
177.578735 236.399353 -65.100418 1.000000  
-0.700259 -0.706180 0.104662 0.000000  
0.197832 -0.332823 -0.922005 0.000000  
0.685934 -0.624930 0.372765 0.000000  
82.442497 289.656555 -20.652855 1.000000  
-0.968931 -0.213462 -0.125001 0.000000  
0.192063 -0.330730 -0.923976 0.000000  
0.155887 -0.919262 0.361445 0.000000  
223.928467 245.119278 25.312366 1.000000  
-0.883273 0.360110 -0.300256 0.000000  
0.192380 -0.305649 -0.932508 0.000000  
-0.427591 -0.881415 0.200687 0.000000  
305.528809 123.561012 87.716705 1.000000  
-0.699974 -0.706652 0.103371 0.000000  
0.201098 -0.333910 -0.920905 0.000000  
0.685275 -0.623815 0.375831 0.000000  
82.621201 289.413666 -20.863285 1.000000  
-0.967811 -0.215352 -0.130320 0.000000  
0.198894 -0.336939 -0.920280 0.000000  
0.154270 -0.916562 0.368918 0.000000  
223.913345 245.082474 25.011829 1.000000  
-0.879853 0.355294 -0.315639 0.000000  
0.195897 -0.333973 -0.922002 0.000000  
-0.433010 -0.873052 0.224240 0.000000  
305.777435 124.159561 86.370529 1.000000  
-0.737784 0.358306 -0.572095 0.000000  
-0.674884 -0.373474 0.636434 0.000000  
0.014376 0.855649 0.517358 0.000000  
-27.126614 152.921539 39.077034 1.000000  
0.338950 0.940430 -0.026576 0.000000  
-0.289792 0.077489 -0.953948 0.000000  
-0.895061 0.331042 0.298793 0.000000  
120.410423 165.770050 -28.479563 1.000000  
0.413175 0.870957 0.265934 0.000000  
-0.177701 0.363523 -0.914480 0.000000  
-0.893146 0.330583 0.304968 0.000000  
125.721123 155.116531 -1.703506 1.000000  
-0.013880 0.963874 0.265991 0.000000  
-0.319655 0.247781 -0.914564 0.000000  
-0.947435 -0.097721 0.304668 0.000000  
73.077309 244.682861 -1.641968 1.000000  
-0.335887 0.854536 0.396156 0.000000  
-0.709725 0.046900 -0.702914 0.000000  
-0.619254 -0.517269 0.590739 0.000000  
-36.802612 296.766968 -27.721087 1.000000  
-0.537098 0.568117 0.623511 0.000000  
-0.840399 -0.296891 -0.453416 0.000000  
-0.072487 -0.767527 0.636909 0.000000  
-163.959930 285.256348 6.542551 1.000000  
-0.559763 0.730932 0.390372 0.000000  
-0.319364 0.244408 -0.915572 0.000000  
-0.764643 -0.637181 0.096625 0.000000  
-57.677998 293.934326 56.459339 1.000000  
-0.900385 0.229698 0.369497 0.000000  
-0.313451 0.246505 -0.917052 0.000000  
-0.301745 -0.941534 -0.149949 0.000000  
-201.565872 249.464676 94.305084 1.000000  
-0.912874 -0.353162 0.204755 0.000000  
-0.309606 0.272039 -0.911120 0.000000  
