730  
57 
1.000000 0.000000 0.000000 0.000000  
0.000000 1.000000 0.000000 0.000000  
0.000000 0.000000 1.000000 0.000000  
0.000000 0.000000 0.000000 1.000000  
1.000000 0.000000 0.000000 0.000000  
0.000000 0.000000 -1.000000 0.000000  
0.000000 1.027597 0.000000 0.000000  
0.000006 0.671671 0.968041 1.000000  
0.002904 -0.000000 0.999996 0.000000  
0.999996 0.000000 -0.002904 0.000000  
0.000000 1.000000 0.000000 0.000000  
-0.002327 4.075984 -0.022696 1.000000  
1.000000 -0.000000 -0.000000 0.000000  
0.000000 0.000000 -1.000000 0.000000  
0.000000 1.000000 0.000000 0.000000  
-0.002327 0.381671 -0.022696 1.000000  
0.948446 -0.148261 -0.280123 0.000000  
-0.283253 -0.000000 -0.959045 0.000000  
0.146113 1.016241 -0.043155 0.000000  
-0.398961 0.251788 0.658385 1.000000  
0.933850 -0.200092 0.296459 0.000000  
0.356680 0.459513 -0.813404 0.000000  
0.027261 0.889220 0.514297 0.000000  
-0.290784 0.575102 -1.759518 1.000000  
0.654354 -0.349578 0.670533 0.000000  
0.718510 0.563839 -0.407220 0.000000  
-0.242223 0.768901 0.637240 0.000000  
0.910043 1.137962 -2.574059 1.000000  
0.654354 -0.349579 0.670533 0.000000  
0.718510 0.563839 -0.407220 0.000000  
-0.242223 0.768901 0.637240 0.000000  
0.910043 1.137961 -2.574059 1.000000  
0.999856 0.010258 -0.013485 0.000000  
-0.014998 0.165669 -0.986067 0.000000  
-0.008099 1.013343 0.170374 0.000000  
-0.192025 -0.226982 0.813568 1.000000  
-0.007239 0.978221 0.207443 0.000000  
0.015318 -0.207315 0.978154 0.000000  
0.999856 0.010258 -0.013483 0.000000  
-0.272952 9.093702 1.904031 1.000000  
0.651125 0.128790 0.747963 0.000000  
0.528622 0.630195 -0.568694 0.000000  
-0.559634 0.786811 0.351701 0.000000  
2.980902 0.893060 -0.732650 1.000000  
-0.329755 -0.606613 0.723383 0.000000  
0.937891 -0.122998 0.324395 0.000000  
-0.110783 0.807101 0.626316 0.000000  
0.665665 1.674547 -2.887163 1.000000  
-0.809982 -0.121330 0.573766 0.000000  
0.366896 -0.868089 0.334377 0.000000  
0.470137 0.494636 0.768286 0.000000  
-1.124190 3.070696 -3.386173 1.000000  
-0.949250 0.112601 0.293675 0.000000  
0.298829 0.031625 0.953783 0.000000  
0.100817 1.020545 -0.065425 0.000000  
0.864624 -0.268497 0.615059 1.000000  
-0.904087 -0.034567 0.425947 0.000000  
0.385569 0.363849 0.847909 0.000000  
-0.189376 0.956504 -0.324334 0.000000  
1.954422 0.255289 1.421551 1.000000  
-0.686225 0.341398 0.642295 0.000000  
0.696701 0.562268 0.445491 0.000000  
-0.214821 0.773981 -0.640907 0.000000  
1.431105 -0.040565 2.178018 1.000000  
-0.599351 -0.429730 0.675359 0.000000  
0.281562 0.676600 0.680393 0.000000  
-0.749334 0.597950 -0.284525 0.000000  
-1.278860 3.991818 1.497412 1.000000  
-0.902444 -0.310519 0.298618 0.000000  
0.273903 0.121462 0.954057 0.000000  
-0.341700 0.968793 -0.025239 0.000000  
2.563080 1.118245 0.435330 1.000000  
0.121357 -0.967396 0.222300 0.000000  
0.029676 0.227391 0.973351 0.000000  
-1.019546 -0.114604 0.057858 0.000000  
2.245674 7.424882 0.328081 1.000000  
0.758136 -0.649939 -0.053007 0.000000  
0.646139 0.759686 -0.073353 0.000000  
0.087943 0.021362 0.995896 0.000000  
-1.306541 3.951461 1.421785 1.000000  
-0.837362 -0.475946 0.268888 0.000000  
0.206547 0.179952 0.961746 0.000000  
-0.520094 0.884625 -0.053825 0.000000  
3.131870 1.920894 0.635382 1.000000  
0.195946 -0.977754 0.074853 0.000000  
0.174992 0.109972 0.978409 0.000000  
-0.991503 -0.183546 0.197964 0.000000  
1.869265 7.746732 0.216350 1.000000  
0.825937 -0.546929 -0.136740 0.000000  
0.510241 0.828353 -0.231269 0.000000  
0.239756 0.121243 0.963232 0.000000  
-1.277251 3.989412 1.652756 1.000000  
0.522895 -0.245673 0.816226 0.000000  
0.851269 0.101252 -0.514869 0.000000  
0.045055 0.990655 0.269311 0.000000  
-0.862066 0.157901 -0.250125 1.000000  
0.666592 -0.417686 0.617409 0.000000  
0.723788 0.560773 -0.402074 0.000000  
-0.183206 0.734622 0.694782 0.000000  
0.545428 1.337634 -2.942476 1.000000  
0.798923 0.545973 0.252259 0.000000  
0.125692 0.258600 -0.957772 0.000000  
-0.604384 0.818885 0.141785 0.000000  
3.509312 1.617081 0.474205 1.000000  
0.874603 0.432749 -0.218627 0.000000  
-0.045047 -0.376444 -0.925343 0.000000  
-0.496065 0.841763 -0.318293 0.000000  
3.202050 1.798915 2.064650 1.000000  
-0.081239 0.964531 -0.251155 0.000000  
0.446077 0.260528 0.856236 0.000000  
0.915897 -0.043647 -0.463878 0.000000  
-5.562429 6.634879 1.688542 1.000000  
0.156753 0.923554 -0.349965 0.000000  
0.618488 0.184468 0.763836 0.000000  
0.791251 -0.345460 -0.557257 0.000000  
-4.504038 7.838701 1.871365 1.000000  
-0.600631 0.670382 -0.435695 0.000000  
0.740493 0.671937 0.013064 0.000000  
0.309839 -0.323469 -0.924837 0.000000  
-4.601871 7.004695 3.231862 1.000000  
-0.032701 -0.513904 0.857224 0.000000  
0.944546 0.264505 0.194603 0.000000  
0.326748 -0.816051 -0.476756 0.000000  
-1.649745 3.911278 0.827068 1.000000  
0.578199 0.612289 -0.539247 0.000000  
0.577951 0.159147 0.800403 0.000000  
0.591791 -0.795823 -0.269081 0.000000  
-2.395376 8.765952 0.085132 1.000000  
0.628551 -0.601563 -0.492996 0.000000  
0.550170 -0.104150 0.828532 0.000000  
-0.564932 -0.813864 0.272826 0.000000  
2.403804 5.231665 -1.955686 1.000000  
-0.167623 0.985612 0.021707 0.000000  
0.890492 0.160820 -0.425630 0.000000  
0.422997 0.052016 0.904637 0.000000  
-1.681342 3.975418 0.803403 1.000000  
0.796647 0.487368 -0.357527 0.000000  
0.424131 -0.029292 0.905127 0.000000  
0.442543 -0.896789 -0.236392 0.000000  
-1.074872 8.890780 0.425456 1.000000  
0.896335 -0.232985 -0.377227 0.000000  
0.379598 -0.036376 0.924436 0.000000  
-0.235425 -0.998618 0.057377 0.000000  
1.954260 7.099103 -0.815305 1.000000  
-0.467735 0.866826 0.172732 0.000000  
0.791342 0.497746 -0.355001 0.000000  
0.393701 0.029356 0.918770 0.000000  
-1.627475 3.948887 1.009154 1.000000  
0.538796 0.735320 -0.411099 0.000000  
-0.738350 0.647148 0.189834 0.000000  
0.416826 0.206807 0.916211 0.000000  
-0.857442 6.539415 -10.417395 1.000000  
0.972324 0.231497 -0.031546 0.000000  
-0.065208 0.139236 -0.988109 0.000000  
-0.224353 0.962820 0.150478 0.000000  
-6.003923 3.954869 -10.038732 1.000000  
0.917084 0.073317 0.391894 0.000000  
0.317258 0.461108 -0.828690 0.000000  
-0.248125 0.908714 0.410643 0.000000  
1.310179 0.663066 -1.050906 1.000000  
0.944961 -0.324630 0.040789 0.000000  
0.224398 0.552318 -0.802864 0.000000  
0.244677 0.789018 0.611179 0.000000  
-1.412729 1.142250 -1.902018 1.000000  
0.844658 -0.534418 0.030814 0.000000  
0.224247 0.300984 -0.926888 0.000000  
0.499485 0.811611 0.384394 0.000000  
-2.361755 1.801562 -0.690077 1.000000  
0.855550 -0.431050 0.286756 0.000000  
0.403208 0.207347 -0.891308 0.000000  
0.333703 0.902417 0.360891 0.000000  
-2.520907 1.618505 -1.341413 1.000000  
0.904661 -0.040268 0.424225 0.000000  
0.394212 0.457122 -0.797268 0.000000  
-0.166284 0.913012 0.441265 0.000000  
0.813991 0.472314 -1.160347 1.000000  
0.920942 -0.025394 0.388872 0.000000  
0.367242 0.390411 -0.844223 0.000000  
-0.133980 0.945688 0.379051 0.000000  
0.751442 0.485179 -0.848936 1.000000  
0.980526 -0.171280 0.096089 0.000000  
0.168722 0.484259 -0.858502 0.000000  
0.103286 0.881674 0.517627 0.000000  
0.879456 0.006261 -1.895586 1.000000  
0.995218 -0.055918 -0.080086 0.000000  
-0.056887 0.334680 -0.940613 0.000000  
0.081592 0.966631 0.339003 0.000000  
-0.301567 0.212102 -0.887934 1.000000  
0.990336 0.038525 -0.133232 0.000000  
-0.079752 0.944119 -0.319810 0.000000  
0.116598 0.336378 0.963956 0.000000  
-0.344871 0.851875 -2.388887 1.000000  
0.994854 -0.039893 -0.093130 0.000000  
0.047807 0.995288 0.084355 0.000000  
0.091791 -0.090812 1.019452 0.000000  
-0.455319 0.883885 -2.763362 1.000000  
0.994878 -0.039737 -0.092939 0.000000  
0.047657 0.995274 0.084610 0.000000  
0.091598 -0.091051 1.019449 0.000000  
-0.455407 0.883600 -2.763633 1.000000  
0.032079 -0.995263 -0.091773 0.000000  
0.089138 -0.088606 0.992070 0.000000  
0.995502 0.040005 -0.085873 0.000000  
0.524071 0.919036 -3.421972 1.000000  
0.993622 0.079432 -0.080039 0.000000  
0.017644 -0.810562 -0.585387 0.000000  
-0.114448 0.596254 -0.829059 0.000000  
0.441007 2.382468 3.512007 1.000000  
0.994242 0.107151 0.001377 0.000000  
0.027033 -0.238361 -0.970800 0.000000  
-0.106556 0.991885 -0.246505 0.000000  
0.420955 1.305527 2.794819 1.000000  
0.998438 -0.032751 -0.045269 0.000000  
-0.054327 -0.379732 -0.923500 0.000000  
0.013416 0.950031 -0.391430 0.000000  
0.493046 1.287169 2.709774 1.000000  
0.998438 -0.032751 -0.045269 0.000000  
-0.054327 -0.379732 -0.923500 0.000000  
0.013416 0.950031 -0.391430 0.000000  
0.493046 1.287169 2.709774 1.000000  
-0.025712 0.381135 0.924162 0.000000  
0.013056 0.924517 -0.380918 0.000000  
-0.999584 0.002271 -0.028747 0.000000  
-0.548443 0.785074 2.949081 1.000000  
0.954780 -0.141571 -0.261445 0.000000  
-0.277386 -0.107636 -0.954710 0.000000  
0.109972 1.011216 -0.145958 0.000000  
-0.254296 0.287566 1.071665 1.000000  
1.000000 0.000000 0.000000 0.000000  
0.000000 1.000000 0.000000 0.000000  
0.000000 0.000000 1.000000 0.000000  
0.000000 0.000000 0.000000 1.000000  
1.000000 0.000000 0.000000 0.000000  
0.000000 0.000000 -1.000000 0.000000  
0.000000 1.027597 0.000000 0.000000  
0.000006 0.671671 0.968041 1.000000  
0.002904 -0.000000 0.999996 0.000000  
0.999996 0.000000 -0.002904 0.000000  
0.000000 1.000000 0.000000 0.000000  
-0.010754 4.039960 -0.022696 1.000000  
1.000000 -0.000000 -0.000000 0.000000  
0.000000 0.000000 -1.000000 0.000000  
0.000000 1.000000 0.000000 0.000000  
-0.010754 0.387461 -0.022696 1.000000  
0.949654 -0.146537 -0.276918 0.000000  
-0.280083 -0.001007 -0.959975 0.000000  
0.144267 1.016504 -0.043157 0.000000  
-0.402158 0.215317 0.658899 1.000000  
0.935543 -0.197002 0.293171 0.000000  
0.352214 0.457965 -0.816219 0.000000  
0.027268 0.890790 0.511572 0.000000  
-0.297079 0.533149 -1.746541 1.000000  
0.662367 -0.345375 0.664820 0.000000  
0.713817 0.560357 -0.420077 0.000000  
-0.233730 0.773581 0.634743 0.000000  
0.860721 1.081109 -2.557558 1.000000  
0.662367 -0.345375 0.664820 0.000000  
0.713817 0.560357 -0.420077 0.000000  
-0.233730 0.773580 0.634744 0.000000  
0.860721 1.081109 -2.557559 1.000000  
0.999858 0.010043 -0.013495 0.000000  
-0.014859 0.151228 -0.988387 0.000000  
-0.008103 1.015726 0.155533 0.000000  
-0.188650 -0.262448 0.904577 1.000000  
-0.007248 0.981150 0.193111 0.000000  
0.015178 -0.192986 0.981084 0.000000  
0.999858 0.010042 -0.013493 0.000000  
-0.269548 9.073191 1.858582 1.000000  
0.647476 0.122254 0.752216 0.000000  
0.541651 0.620512 -0.567079 0.000000  
-0.550881 0.795986 0.344808 0.000000  
2.921743 0.814317 -0.699638 1.000000  
-0.335668 -0.607084 0.720261 0.000000  
0.935859 -0.127895 0.328345 0.000000  
-0.110174 0.805922 0.627939 0.000000  
0.665655 1.651433 -2.902041 1.000000  
-0.811723 -0.124263 0.570670 0.000000  
0.367935 -0.867631 0.334425 0.000000  
0.466092 0.494716 0.770695 0.000000  
-1.109239 3.040989 -3.402185 1.000000  
-0.950667 0.111753 0.289386 0.000000  
0.294370 0.030655 0.955200 0.000000  
0.100576 1.020675 -0.063751 0.000000  
0.865055 -0.302797 0.604467 1.000000  
-0.906041 -0.035547 0.421694 0.000000  
0.381424 0.363049 0.850124 0.000000  
-0.188374 0.956787 -0.324083 0.000000  
1.950809 0.220609 1.416642 1.000000  
-0.689389 0.340276 0.639496 0.000000  
0.694321 0.562108 0.449393 0.000000  
-0.212248 0.774625 -0.640986 0.000000  
1.424134 -0.076416 2.170315 1.000000  
-0.602258 -0.430845 0.672055 0.000000  
0.278032 0.675944 0.682495 0.000000  
-0.748320 0.597891 -0.287304 0.000000  
-1.284783 3.955340 1.481861 1.000000  
-0.903659 -0.311348 0.294047 0.000000  
0.269395 0.120478 0.955464 0.000000  
-0.342095 0.968642 -0.025685 0.000000  
2.563590 1.085052 0.434282 1.000000  
0.120836 -0.967594 0.221721 0.000000  
0.025025 0.226256 0.973746 0.000000  
-1.019743 -0.115210 0.052977 0.000000  
2.243324 7.391643 0.333000 1.000000  
0.758720 -0.649476 -0.050244 0.000000  
0.646069 0.760113 -0.069448 0.000000  
0.083296 0.020231 0.996319 0.000000  
-1.312090 3.915057 1.406058 1.000000  
-0.838350 -0.476705 0.264426 0.000000  
0.201973 0.178923 0.962909 0.000000  
-0.520309 0.884414 -0.055201 0.000000  
3.131015 1.887763 0.637927 1.000000  
0.196117 -0.977738 0.074610 0.000000  
0.170378 0.108907 0.979342 0.000000  
-0.992315 -0.184303 0.193130 0.000000  
1.867269 7.713427 0.219899 1.000000  
0.826855 -0.546331 -0.133539 0.000000  
0.510870 0.828895 -0.227913 0.000000  
0.235206 0.120230 0.964480 0.000000  
-1.283895 3.952751 1.637208 1.000000  
0.518145 -0.246266 0.819072 0.000000  
0.854124 0.098934 -0.510573 0.000000  
0.045937 0.990747 0.268824 0.000000  
-0.867448 0.125250 -0.256519 1.000000  
0.673894 -0.413866 0.612031 0.000000  
0.719156 0.557324 -0.414975 0.000000  
-0.174029 0.739660 0.691790 0.000000  
0.491710 1.278477 -2.922827 1.000000  
0.796528 0.545992 0.259683 0.000000  
0.131531 0.262738 -0.955860 0.000000  
-0.606407 0.817480 0.141257 0.000000  
3.510713 1.589851 0.478544 1.000000  
0.875384 0.435028 -0.210838 0.000000  
-0.038385 -0.372206 -0.927356 0.000000  
-0.495201 0.842512 -0.317656 0.000000  
3.193047 1.764132 2.066542 1.000000  
-0.080369 0.964989 -0.249672 0.000000  
0.442599 0.258983 0.858507 0.000000  
0.917758 -0.042653 -0.460278 0.000000  
-5.570260 6.597579 1.659782 1.000000  
0.158024 0.924230 -0.347602 0.000000  
0.615390 0.183120 0.766657 0.000000  
0.793531 -0.344308 -0.554722 0.000000  
-4.512784 7.801201 1.849108 1.000000  
-0.598973 0.671116 -0.436846 0.000000  
0.740338 0.672012 0.017296 0.000000  
0.313595 -0.321693 -0.924190 0.000000  
-4.615957 6.964633 3.207636 1.000000  
-0.036068 -0.515514 0.856122 0.000000  
0.943719 0.264269 0.198888 0.000000  
0.328776 -0.815112 -0.476969 0.000000  
-1.653758 3.876130 0.808922 1.000000  
0.580271 0.613378 -0.535773 0.000000  
0.574710 0.157726 0.803014 0.000000  
0.592981 -0.795237 -0.268193 0.000000  
-2.397101 8.732084 0.073096 1.000000  
0.630612 -0.600553 -0.491595 0.000000  
0.546855 -0.105628 0.830538 0.000000  
-0.565906 -0.814450 0.269030 0.000000  
2.410740 5.202281 -1.955058 1.000000  
-0.167851 0.985547 0.022880 0.000000  
0.892170 0.161739 -0.421749 0.000000  
0.419355 0.050378 0.906424 0.000000  
-1.685269 3.940309 0.785251 1.000000  
0.798006 0.488146 -0.353412 0.000000  
0.420499 -0.030930 0.906766 0.000000  
0.443617 -0.896284 -0.236293 0.000000  
-1.077991 8.856455 0.418951 1.000000  
0.897876 -0.232156 -0.374062 0.000000  
0.375889 -0.038057 0.925883 0.000000  
-0.235510 -0.998756 0.054560 0.000000  
1.956354 7.067517 -0.812994 1.000000  
-0.468550 0.866437 0.172476 0.000000  
0.792690 0.498518 -0.350888 0.000000  
0.390005 0.027688 0.920396 0.000000  
-1.632224 3.913401 0.991166 1.000000  
0.540337 0.736162 -0.407554 0.000000  
-0.739199 0.646691 0.188081 0.000000  
0.413115 0.205146 0.918263 0.000000  
-0.816699 6.525442 -10.427325 1.000000  
0.972409 0.231688 -0.027208 0.000000  
-0.061261 0.141078 -0.988101 0.000000  
-0.225093 0.962505 0.151379 0.000000  
-5.964283 3.939485 -10.074163 1.000000  
0.915241 0.069975 0.396785 0.000000  
0.321985 0.464966 -0.824702 0.000000  
-0.248883 0.906915 0.414147 0.000000  
1.304054 0.635389 -1.074182 1.000000  
0.947392 -0.318730 0.029307 0.000000  
0.212077 0.556515 -0.803315 0.000000  
0.246347 0.788444 0.611248 0.000000  
-1.413692 1.109079 -1.912970 1.000000  
0.849371 -0.527378 0.020980 0.000000  
0.213327 0.306674 -0.927600 0.000000  
0.496086 0.814220 0.383277 0.000000  
-2.346953 1.750651 -0.697535 1.000000  
0.862163 -0.423367 0.278271 0.000000  
0.394662 0.216839 -0.892873 0.000000  
0.326441 0.903901 0.363807 0.000000  
-2.507340 1.556093 -1.361064 1.000000  
0.909466 -0.047527 0.413053 0.000000  
0.385436 0.468917 -0.794705 0.000000  
-0.160220 0.906302 0.457057 0.000000  
0.781502 0.466107 -1.266379 1.000000  
0.924208 -0.031257 0.380609 0.000000  
0.360025 0.403709 -0.841071 0.000000  
-0.130881 0.939587 0.394971 0.000000  
0.726456 0.475148 -0.953103 1.000000  
0.981289 -0.171790 0.086955 0.000000  
0.162894 0.499914 -0.850618 0.000000  
0.105491 0.872293 0.532853 0.000000  
0.846421 0.010227 -2.016343 1.000000  
0.995073 -0.061406 -0.077838 0.000000  
-0.054899 0.312477 -0.948337 0.000000  
0.084834 0.974099 0.316054 0.000000  
-0.322593 0.163535 -0.796934 1.000000  
0.990294 0.038330 -0.133601 0.000000  
-0.076311 0.953326 -0.292139 0.000000  
0.119373 0.307764 0.973133 0.000000  
-0.366132 0.842398 -2.377506 1.000000  
0.994877 -0.041698 -0.092088 0.000000  
0.052208 0.992011 0.114842 0.000000  
0.088952 -0.122347 1.016403 0.000000  
-0.477461 0.886332 -2.755733 1.000000  
0.994902 -0.041549 -0.091892 0.000000  
0.052058 0.991989 0.115096 0.000000  
0.088758 -0.122586 1.016391 0.000000  
-0.477549 0.886055 -2.756012 1.000000  
0.027694 -0.992134 -0.122078 0.000000  
0.086374 -0.119293 0.989095 0.000000  
0.995878 0.037937 -0.082391 0.000000  
0.503641 0.936990 -3.410774 1.000000  
0.993100 0.085695 -0.080051 0.000000  
0.021676 -0.805013 -0.592861 0.000000  
-0.118428 0.603236 -0.823430 0.000000  
0.444538 2.319410 3.493283 1.000000  
0.993633 0.112641 0.002259 0.000000  
0.027633 -0.224214 -0.974148 0.000000  
-0.112237 0.994722 -0.232133 0.000000  
0.429806 1.243430 2.758321 1.000000  
0.998507 -0.028718 -0.046471 0.000000  
-0.053355 -0.330054 -0.942453 0.000000  
0.012051 0.969564 -0.340230 0.000000  
0.502259 1.194199 2.684351 1.000000  
0.998507 -0.028718 -0.046471 0.000000  
-0.053355 -0.330053 -0.942453 0.000000  
0.012051 0.969564 -0.340230 0.000000  
0.502259 1.194199 2.684352 1.000000  
-0.026687 0.331293 0.943151 0.000000  
0.011727 0.943525 -0.331093 0.000000  
-0.999575 0.002225 -0.029065 0.000000  
-0.538520 0.678421 2.896057 1.000000  
0.955832 -0.137618 -0.259707 0.000000  
-0.275399 -0.110674 -0.954938 0.000000  
0.105508 1.011446 -0.147651 0.000000  
-0.246368 0.250279 1.079907 1.000000  
1.000000 0.000000 0.000000 0.000000  
0.000000 1.000000 0.000000 0.000000  
0.000000 0.000000 1.000000 0.000000  
0.000000 0.000000 0.000000 1.000000  
1.000000 0.000000 0.000000 0.000000  
0.000000 0.000000 -1.000000 0.000000  
0.000000 1.027597 0.000000 0.000000  
0.000006 0.671671 0.968041 1.000000  
0.002904 -0.000000 0.999996 0.000000  
0.999996 0.000000 -0.002904 0.000000  
0.000000 1.000000 0.000000 0.000000  
-0.019145 4.003937 -0.022696 1.000000  
1.000000 0.000000 -0.000000 0.000000  
0.000000 0.000000 -1.000000 0.000000  
0.000000 1.000000 0.000000 0.000000  
-0.019145 0.394904 -0.022696 1.000000  
0.950773 -0.144912 -0.273918 0.000000  
-0.277108 -0.001906 -0.960837 0.000000  
0.142543 1.016749 -0.043127 0.000000  
-0.405668 0.178860 0.659250 1.000000  
0.937206 -0.193966 0.289865 0.000000  
0.347763 0.456420 -0.818988 0.000000  
0.027289 0.892330 0.508880 0.000000  
-0.303405 0.491330 -1.733710 1.000000  
0.670258 -0.341303 0.658989 0.000000  
0.709023 0.556755 -0.432793 0.000000  
-0.225231 0.778222 0.632138 0.000000  
0.811465 1.024485 -2.540516 1.000000  
0.670258 -0.341303 0.658989 0.000000  
0.709023 0.556755 -0.432793 0.000000  
-0.225231 0.778222 0.632138 0.000000  
0.811465 1.024485 -2.540515 1.000000  
0.999859 0.010052 -0.013475 0.000000  
-0.014723 0.136688 -0.990505 0.000000  
-0.008338 1.017900 0.140592 0.000000  
-0.183715 -0.296576 0.996032 1.000000  
-0.007483 0.983880 0.178675 0.000000  
0.015053 -0.178549 0.983816 0.000000  
0.999859 0.010051 -0.013474 0.000000  
-0.266697 9.052052 1.812764 1.000000  
0.645080 0.114060 0.755554 0.000000  
0.554198 0.610901 -0.565388 0.000000  
-0.540575 0.805068 0.339999 0.000000  
2.853060 0.736318 -0.679410 1.000000  
-0.341041 -0.608238 0.716755 0.000000  
0.934179 -0.134213 0.330600 0.000000  
-0.107780 0.803916 0.630919 0.000000  
0.654702 1.633740 -2.924637 1.000000  
-0.812715 -0.127091 0.568632 0.000000  
0.368481 -0.868090 0.332628 0.000000  
0.463805 0.493105 0.773103 0.000000  
-1.104795 3.019505 -3.421119 1.000000  
-0.951482 0.111614 0.286747 0.000000  
0.291450 0.028036 0.956175 0.000000  
0.101406 1.020770 -0.060840 0.000000  
0.857284 -0.337204 0.583367 1.000000  
-0.907355 -0.036051 0.418815 0.000000  
0.379034 0.360643 0.852214 0.000000  
-0.186782 0.957727 -0.322221 0.000000  
1.940861 0.183450 1.400206 1.000000  
-0.691140 0.339080 0.638240 0.000000  
0.693285 0.560524 0.452955 0.000000  
-0.209795 0.776388 -0.639659 0.000000  
1.411687 -0.115162 2.151497 1.000000  
-0.604589 -0.432176 0.669100 0.000000  
0.276352 0.674028 0.685066 0.000000  
-0.747061 0.599091 -0.288078 0.000000  
-1.292593 3.920037 1.464999 1.000000  
-0.904752 -0.311527 0.290474 0.000000  
0.266530 0.117875 0.956591 0.000000  
-0.341412 0.968919 -0.024268 0.000000  
2.557197 1.050005 0.421941 1.000000  
0.119553 -0.968231 0.219624 0.000000  
0.022171 0.223759 0.974392 0.000000  
-1.019972 -0.114702 0.049548 0.000000  
2.241164 7.357032 0.335749 1.000000  
0.758467 -0.649823 -0.049567 0.000000  
0.646751 0.759880 -0.065525 0.000000  
0.080245 0.017641 0.996619 0.000000  
-1.319693 3.879965 1.389010 1.000000  
-0.839455 -0.476849 0.260632 0.000000  
0.199123 0.176343 0.963978 0.000000  
-0.519587 0.884878 -0.054546 0.000000  
3.124491 1.851839 0.629374 1.000000  
0.195278 -0.978048 0.072720 0.000000  
0.167433 0.106305 0.980135 0.000000  
-0.993018 -0.184170 0.189609 0.000000  
1.865658 7.679340 0.222313 1.000000  
0.826922 -0.546509 -0.132389 0.000000  
0.512083 0.829151 -0.224229 0.000000  
0.232314 0.117625 0.965502 0.000000  
-1.292184 3.917052 1.620340 1.000000  
0.514487 -0.242049 0.822627 0.000000  
0.856400 0.096501 -0.507215 0.000000  
0.044584 0.992097 0.264030 0.000000  
-0.858770 0.079964 -0.236966 1.000000  
0.681076 -0.410172 0.606543 0.000000  
0.714422 0.553753 -0.427737 0.000000  
-0.164856 0.744648 0.688679 0.000000  
0.438125 1.219618 -2.902572 1.000000  
0.793967 0.546161 0.267068 0.000000  
0.137507 0.266578 -0.953954 0.000000  
-0.608550 0.816047 0.140321 0.000000  
3.512776 1.563066 0.485352 1.000000  
0.876098 0.437300 -0.203028 0.000000  
-0.031499 -0.368290 -0.929177 0.000000  
-0.494379 0.843088 -0.317408 0.000000  
3.184401 1.730312 2.070759 1.000000  
-0.079461 0.965338 -0.248613 0.000000  
0.438972 0.257803 0.860721 0.000000  
0.919679 -0.041864 -0.456501 0.000000  
-5.577732 6.560772 1.629909 1.000000  
0.159345 0.924752 -0.345605 0.000000  
0.612156 0.182096 0.769485 0.000000  
0.795890 -0.343399 -0.551898 0.000000  
-4.521226 7.764262 1.825389 1.000000  
-0.597238 0.671665 -0.438375 0.000000  
0.740165 0.672086 0.021359 0.000000  
0.317498 -0.320316 -0.923336 0.000000  
-4.629956 6.925719 3.182265 1.000000  
-0.039571 -0.516754 0.855219 0.000000  
0.942843 0.264109 0.203210 0.000000  
0.330880 -0.814378 -0.476767 0.000000  
-1.657326 3.841083 0.791492 1.000000  
0.582418 0.614229 -0.532459 0.000000  
0.571328 0.156644 0.805634 0.000000  
0.594208 -0.794769 -0.266861 0.000000  
-2.398273 8.697995 0.059575 1.000000  
0.632744 -0.599757 -0.489822 0.000000  
0.543395 -0.106753 0.832662 0.000000  
-0.566910 -0.814914 0.265488 0.000000  
2.418496 5.171770 -1.953567 1.000000  
-0.168084 0.985490 0.023601 0.000000  
0.893902 0.162468 -0.417785 0.000000  
0.415557 0.049126 0.908240 0.000000  
-1.688748 3.905291 0.767782 1.000000  
0.799407 0.488763 -0.349370 0.000000  
0.416711 -0.032183 0.908469 0.000000  
0.444726 -0.895883 -0.235731 0.000000  
-1.080637 8.822044 0.411118 1.000000  
0.899463 -0.231495 -0.370642 0.000000  
0.372024 -0.039343 0.927389 0.000000  
-0.235595 -0.998866 0.052134 0.000000  
1.959080 7.035295 -0.810720 1.000000  
-0.469388 0.866124 0.171768 0.000000  
0.794078 0.499131 -0.346853 0.000000  
0.386153 0.026412 0.922057 0.000000  
-1.636560 3.878092 0.973878 1.000000  
0.541931 0.736823 -0.404230 0.000000  
-0.740070 0.646319 0.185924 0.000000  
0.409246 0.203876 0.920276 0.000000  
-0.773709 6.506727 -10.437328 1.000000  
0.972482 0.231859 -0.022811 0.000000  
-0.057153 0.142497 -0.988144 0.000000  
-0.225859 0.962256 0.151827 0.000000  
-5.922342 3.919551 -10.109390 1.000000  
0.914658 0.061820 0.399473 0.000000  
0.326791 0.468582 -0.820755 0.000000  
-0.244490 0.905575 0.419661 0.000000  
1.267134 0.601236 -1.111651 1.000000  
0.949409 -0.313527 0.017986 0.000000  
0.200397 0.560748 -0.803369 0.000000  
0.248465 0.787479 0.611635 0.000000  
-1.417773 1.078209 -1.926175 1.000000  
0.855443 -0.517717 0.013609 0.000000  
0.205044 0.314438 -0.926869 0.000000  
0.488701 0.817633 0.385491 0.000000  
-2.322744 1.688915 -0.724820 1.000000  
0.869595 -0.410478 0.274430 0.000000  
0.391145 0.233470 -0.890223 0.000000  
0.309662 0.905802 0.373614 0.000000  
-2.474995 1.460191 -1.425991 1.000000  
0.914246 -0.054822 0.401434 0.000000  
0.376572 0.480558 -0.791996 0.000000  
-0.153619 0.899402 0.472686 0.000000  
0.745970 0.461083 -1.371654 1.000000  
0.925390 -0.035727 0.377330 0.000000  
0.356768 0.418185 -0.835367 0.000000  
-0.131480 0.932708 0.410761 0.000000  
0.705701 0.467882 -1.054769 1.000000  
0.981735 -0.169368 0.086665 0.000000  
0.163756 0.520346 -0.838108 0.000000  
0.099526 0.860090 0.553439 0.000000  
0.825500 0.014007 -2.149276 1.000000  
0.994931 -0.066551 -0.075385 0.000000  
-0.053003 0.290010 -0.955555 0.000000  
0.087814 0.981054 0.292878 0.000000  
-0.342585 0.116825 -0.705558 1.000000  
0.990276 0.038420 -0.133706 0.000000  
-0.072992 0.961683 -0.264267 0.000000  
0.121698 0.278949 0.981496 0.000000  
-0.386017 0.834662 -2.364537 1.000000  
0.994921 -0.043384 -0.090825 0.000000  
0.056325 0.987803 0.145160 0.000000  
0.085722 -0.153666 1.012420 0.000000  
-0.498088 0.890748 -2.746166 1.000000  
0.994946 -0.043241 -0.090625 0.000000  
0.056174 0.987775 0.145413 0.000000  
0.085526 -0.153902 1.012401 0.000000  
-0.498177 0.890480 -2.746454 1.000000  
0.023595 -0.988068 -0.152197 0.000000  
0.083229 -0.149769 0.985212 0.000000  
0.996251 0.035913 -0.078702 0.000000  
0.484956 0.956894 -3.396900 1.000000  
0.992549 0.091869 -0.080041 0.000000  
0.025572 -0.799332 -0.600345 0.000000  
-0.122420 0.610213 -0.817686 0.000000  
0.448204 2.256298 3.474260 1.000000  
0.993006 0.118018 0.003158 0.000000  
0.028060 -0.209950 -0.977310 0.000000  
-0.117842 0.997348 -0.217638 0.000000  
0.438666 1.181640 2.721373 1.000000  
0.998540 -0.024778 -0.048000 0.000000  
-0.053018 -0.279350 -0.958725 0.000000  
0.010632 0.986359 -0.287990 0.000000  
0.511849 1.100792 2.656075 1.000000  
0.998540 -0.024778 -0.048000 0.000000  
-0.053018 -0.279350 -0.958725 0.000000  
0.010632 0.986359 -0.287990 0.000000  
0.511849 1.100792 2.656075 1.000000  
-0.027025 0.280437 0.959492 0.000000  
0.010346 0.959869 -0.280256 0.000000  
-0.999581 0.002353 -0.028842 0.000000  
-0.528169 0.572971 2.840011 1.000000  
0.956567 -0.130078 -0.260882 0.000000  
-0.276098 -0.117103 -0.953969 0.000000  
0.096121 1.011735 -0.152014 0.000000  
-0.217325 0.211125 1.100562 1.000000  
1.000000 0.000000 0.000000 0.000000  
0.000000 1.000000 0.000000 0.000000  
0.000000 0.000000 1.000000 0.000000  
0.000000 0.000000 0.000000 1.000000  
1.000000 0.000000 0.000000 0.000000  
0.000000 0.000000 -1.000000 0.000000  
0.000000 1.027597 0.000000 0.000000  
0.000006 0.671671 0.968041 1.000000  
0.002904 -0.000000 0.999996 0.000000  
0.999996 0.000000 -0.002904 0.000000  
0.000000 1.000000 0.000000 0.000000  
-0.027835 3.967914 -0.022696 1.000000  
1.000000 0.000000 -0.000000 0.000000  
0.000000 0.000000 -1.000000 0.000000  
0.000000 1.000000 0.000000 0.000000  
-0.027835 0.389114 -0.022696 1.000000  
0.952478 -0.142423 -0.269262 0.000000  
-0.272510 -0.003435 -0.962147 0.000000  
0.139863 1.017116 -0.043245 0.000000  
-0.406762 0.142283 0.660404 1.000000  
0.938855 -0.190878 0.286561 0.000000  
0.343288 0.454743 -0.821804 0.000000  
0.027286 0.893935 0.506054 0.000000  
-0.309918 0.449286 -1.720357 1.000000  
0.678074 -0.337163 0.653098 0.000000  
0.704071 0.552995 -0.445512 0.000000  
-0.216771 0.782944 0.629258 0.000000  
0.762161 0.967573 -2.522266 1.000000  
0.678074 -0.337163 0.653098 0.000000  
0.704071 0.552995 -0.445512 0.000000  
-0.216771 0.782944 0.629258 0.000000  
0.762161 0.967574 -2.522265 1.000000  
0.999857 0.010204 -0.013476 0.000000  
-0.014631 0.123266 -0.992266 0.000000  
-0.008698 1.019706 0.126804 0.000000  
-0.178341 -0.328806 1.079165 1.000000  
-0.007836 0.986205 0.165343 0.000000  
0.014976 -0.165214 0.986144 0.000000  
0.999857 0.010204 -0.013474 0.000000  
-0.264556 9.029990 1.769302 1.000000  
0.641170 0.107310 0.759859 0.000000  
0.567250 0.600610 -0.563467 0.000000  
-0.531108 0.814173 0.333169 0.000000  
2.789157 0.658432 -0.647544 1.000000  
-0.347315 -0.608392 0.713605 0.000000  
0.932066 -0.140317 0.334012 0.000000  
-0.105923 0.802691 0.632790 0.000000  
0.646867 1.611354 -2.941232 1.000000  
-0.814088 -0.129954 0.566015 0.000000  
0.369658 -0.867652 0.332463 0.000000  
0.460260 0.493130 0.775203 0.000000  
-1.095154 2.990070 -3.437040 1.000000  
-0.952735 0.110706 0.282912 0.000000  
0.287364 0.026236 0.957462 0.000000  
0.101295 1.020925 -0.058377 0.000000  
0.854400 -0.370840 0.568095 1.000000  
-0.909118 -0.037205 0.414873 0.000000  
0.375270 0.359080 0.854537 0.000000  
-0.185754 0.958301 -0.321108 0.000000  
1.934300 0.148570 1.390577 1.000000  
-0.693975 0.337565 0.635963 0.000000  
0.691146 0.559866 0.457019 0.000000  
-0.207349 0.777586 -0.639001 0.000000  
1.402038 -0.151724 2.139011 1.000000  
-0.607277 -0.433721 0.665658 0.000000  
0.273187 0.672760 0.687577 0.000000  
-0.746044 0.599399 -0.290065 0.000000  
-1.300753 3.883878 1.449027 1.000000  
-0.905868 -0.312424 0.285997 0.000000  
0.262411 0.116064 0.957951 0.000000  
-0.341656 0.968845 -0.023795 0.000000  
2.554482 1.017288 0.416672 1.000000  
0.118966 -0.968624 0.218205 0.000000  
0.017939 0.221827 0.974921 0.000000  
-1.020133 -0.115161 0.044974 0.000000  
2.236538 7.324363 0.341681 1.000000  
0.758907 -0.649455 -0.047628 0.000000  
0.646750 0.760238 -0.061257 0.000000  
0.075992 0.015685 0.996985 0.000000  
-1.327515 3.843947 1.372844 1.000000  
-0.840385 -0.477664 0.256105 0.000000  
0.194951 0.174494 0.965166 0.000000  
-0.519670 0.884802 -0.054998 0.000000  
3.120598 1.818908 0.628115 1.000000  
0.195321 -0.978122 0.071606 0.000000  
0.163218 0.104413 0.981049 0.000000  
-0.993750 -0.184898 0.185010 0.000000  
1.861402 7.646763 0.227287 1.000000  
0.827676 -0.545952 -0.129952 0.000000  
0.512734 0.829777 -0.220396 0.000000  
0.228157 0.115785 0.966715 0.000000  
-1.301005 3.880583 1.604362 1.000000  
0.509814 -0.232013 0.828408 0.000000  
0.859383 0.093269 -0.502755 0.000000  
0.040468 0.994951 0.253753 0.000000  
-0.833808 0.022325 -0.185796 1.000000  
0.688187 -0.406417 0.601019 0.000000  
0.709529 0.550024 -0.440501 0.000000  
-0.155730 0.749722 0.685289 0.000000  
0.384534 1.160438 -2.881077 1.000000  
0.791769 0.545856 0.274121 0.000000  
0.143525 0.269955 -0.952116 0.000000  
-0.610104 0.815090 0.139135 0.000000  
3.511170 1.533458 0.493083 1.000000  
0.877018 0.438967 -0.195316 0.000000  
-0.024897 -0.364453 -0.930889 0.000000  
-0.493054 0.843933 -0.317222 0.000000  
3.172519 1.694231 2.075170 1.000000  
-0.078722 0.965784 -0.247110 0.000000  
0.435163 0.256307 0.863099 0.000000  
0.921656 -0.040680 -0.452606 0.000000  
-5.587455 6.523003 1.600744 1.000000  
0.160514 0.925465 -0.343148 0.000000  
0.608766 0.180833 0.772466 0.000000  
0.798384 -0.342075 -0.549112 0.000000  
-4.532219 7.726476 1.803079 1.000000  
-0.595573 0.672299 -0.439666 0.000000  
0.739832 0.672295 0.025836 0.000000  
0.321592 -0.318444 -0.922566 0.000000  
-4.646513 6.885305 3.157870 1.000000  
-0.043083 -0.518401 0.854052 0.000000  
0.941865 0.264039 0.207782 0.000000  
0.333218 -0.813353 -0.476888 0.000000  
-1.662523 3.806249 0.774067 1.000000  
0.584498 0.615442 -0.528766 0.000000  
0.567791 0.155298 0.808391 0.000000  
0.595630 -0.794056 -0.265810 0.000000  
-2.401989 8.664299 0.048232 1.000000  
0.635061 -0.598606 -0.488230 0.000000  
0.539833 -0.108159 0.834795 0.000000  
-0.567768 -0.815612 0.261482 0.000000  
2.424648 5.143559 -1.950827 1.000000  
-0.168526 0.985386 0.024757 0.000000  
0.895640 0.163568 -0.413611 0.000000  
0.411616 0.047531 0.910117 0.000000  
-1.693864 3.870492 0.750344 1.000000  
0.800737 0.489701 -0.344982 0.000000  
0.412798 -0.033777 0.910197 0.000000  
0.446050 -0.895280 -0.235519 0.000000  
-1.085926 8.788124 0.405695 1.000000  
0.901135 -0.230482 -0.367197 0.000000  
0.368031 -0.040989 0.928910 0.000000  
-0.235472 -0.999044 0.049210 0.000000  
1.959656 7.004742 -0.806418 1.000000  
-0.470425 0.865635 0.171393 0.000000  
0.795395 0.500062 -0.342469 0.000000  
0.382160 0.024781 0.923764 0.000000  
-1.642557 3.842917 0.956611 1.000000  
0.543415 0.737777 -0.400480 0.000000  
-0.741089 0.645712 0.183961 0.000000  
0.405200 0.202256 0.922422 0.000000  
-0.731374 6.493641 -10.445725 1.000000  
0.972491 0.232231 -0.018170 0.000000  
-0.052937 0.144365 -0.988107 0.000000  
-0.226846 0.961887 0.152687 0.000000  
-5.880448 3.904070 -10.144924 1.000000  
0.915112 0.049416 0.400161 0.000000  
0.331783 0.471648 -0.816987 0.000000  
-0.235429 0.904698 0.426674 0.000000  
1.201854 0.561431 -1.160312 1.000000  
0.951103 -0.308799 0.006814 0.000000  
0.189147 0.564852 -0.803222 0.000000  
0.250924 0.786354 0.612079 0.000000  
-1.424611 1.048584 -1.940377 1.000000  
0.862709 -0.505628 0.008555 0.000000  
0.198998 0.323884 -0.924931 0.000000  
0.477730 0.821718 0.390525 0.000000  
-2.290201 1.617785 -0.769361 1.000000  
0.877488 -0.392926 0.274998 0.000000  
0.391723 0.256362 -0.883647 0.000000  
0.284345 0.907484 0.389328 0.000000  
-2.424346 1.336261 -1.531831 1.000000  
0.918999 -0.061981 0.389358 0.000000  
0.367566 0.491899 -0.789259 0.000000  
-0.146541 0.892410 0.487941 0.000000  
0.707351 0.456936 -1.475274 1.000000  
0.924767 -0.039105 0.378519 0.000000  
0.357020 0.433403 -0.827465 0.000000  
-0.135328 0.925199 0.426204 0.000000  
0.688127 0.462865 -1.153156 1.000000  
0.981782 -0.164879 0.094441 0.000000  
0.170448 0.544558 -0.821221 0.000000  
0.086291 0.845052 0.578270 0.000000  
0.814891 0.018225 -2.291904 1.000000  
0.994772 -0.071548 -0.072871 0.000000  
-0.051220 0.267767 -0.962121 0.000000  
0.090789 0.987339 0.269953 0.000000  
-0.362532 0.072848 -0.614678 1.000000  
0.990278 0.038597 -0.133637 0.000000  
-0.069625 0.969258 -0.235989 0.000000  
0.123743 0.249706 0.989086 0.000000  
-0.405507 0.829958 -2.350152 1.000000  
0.994956 -0.045080 -0.089613 0.000000  
0.060352 0.982575 0.175795 0.000000  
0.082338 -0.185292 1.007394 0.000000  
-0.518176 0.898489 -2.734892 1.000000  
0.994980 -0.044943 -0.089408 0.000000  
0.060200 0.982539 0.176046 0.000000  
0.082141 -0.185528 1.007367 0.000000  
-0.518266 0.898231 -2.735188 1.000000  
0.019584 -0.982986 -0.182634 0.000000  
0.079935 -0.180545 0.980313 0.000000  
0.996608 0.033798 -0.075039 0.000000  
0.466883 0.980257 -3.380786 1.000000  
0.991961 0.098036 -0.080008 0.000000  
0.029424 -0.793646 -0.607668 0.000000  
-0.126468 0.616999 -0.811957 0.000000  
0.451539 2.193461 3.454391 1.000000  
0.992351 0.123382 0.004067 0.000000  
0.028359 -0.195777 -0.980238 0.000000  
-0.123463 0.999704 -0.203237 0.000000  
0.447187 1.120327 2.683660 1.000000  
0.998562 -0.020727 -0.049433 0.000000  
-0.052861 -0.227987 -0.972228 0.000000  
0.009126 1.000308 -0.235068 0.000000  
0.521160 1.007349 2.625013 1.000000  
0.998562 -0.020727 -0.049433 0.000000  
-0.052862 -0.227987 -0.972228 0.000000  
0.009126 1.000308 -0.235068 0.000000  
0.521160 1.007349 2.625013 1.000000  
-0.027183 0.228914 0.973067 0.000000  
0.008881 0.973444 -0.228755 0.000000  
-0.999591 0.002423 -0.028495 0.000000  
-0.518043 0.468963 2.780775 1.000000  
0.957484 -0.119108 -0.262752 0.000000  
-0.277135 -0.126767 -0.952432 0.000000  
0.082345 1.011932 -0.158647 0.000000  
-0.171082 0.171685 1.131998 1.000000  
1.000000 0.000000 0.000000 0.000000  
0.000000 1.000000 0.000000 0.000000  
0.000000 0.000000 1.000000 0.000000  
0.000000 0.000000 0.000000 1.000000  
1.000000 0.000000 0.000000 0.000000  
0.000000 0.000000 -1.000000 0.000000  
0.000000 1.027597 0.000000 0.000000  
0.000006 0.671671 0.968041 1.000000  
0.002904 -0.000000 0.999996 0.000000  
0.999996 0.000000 -0.002904 0.000000  
0.000000 1.000000 0.000000 0.000000  
-0.037131 3.931890 -0.022696 1.000000  
1.000000 0.000000 -0.000000 0.000000  
0.000000 0.000000 -1.000000 0.000000  
0.000000 1.000000 0.000000 0.000000  
-0.037131 0.356667 -0.022696 1.000000  
0.955227 -0.138294 -0.261566 0.000000  
-0.264899 -0.005936 -0.964258 0.000000  
0.135436 1.017705 -0.043472 0.000000  
-0.403514 0.105394 0.662399 1.000000  
0.940454 -0.187842 0.283305 0.000000  
0.338879 0.452908 -0.824642 0.000000  
0.027326 0.895596 0.503107 0.000000  
-0.317246 0.407081 -1.706504 1.000000  
0.685671 -0.332958 0.647298 0.000000  
0.699136 0.548798 -0.458290 0.000000  
-0.208237 0.787946 0.625887 0.000000  
0.711897 0.909485 -2.501620 1.000000  
0.685671 -0.332958 0.647298 0.000000  
0.699136 0.548798 -0.458290 0.000000  
-0.208236 0.787946 0.625887 0.000000  
0.711897 0.909486 -2.501619 1.000000  
0.999856 0.010324 -0.013500 0.000000  
-0.014571 0.111928 -0.993610 0.000000  
-0.008989 1.021085 0.115155 0.000000  
-0.173855 -0.359055 1.147229 1.000000  
-0.008122 0.988026 0.154074 0.000000  
0.014928 -0.153942 0.987967 0.000000  
0.999855 0.010324 -0.013498 0.000000  
-0.262696 9.006985 1.730485 1.000000  
0.634771 0.101608 0.765990 0.000000  
0.582096 0.589054 -0.560517 0.000000  
-0.522187 0.823804 0.323456 0.000000  
2.727509 0.578154 -0.599523 1.000000  
-0.355636 -0.607391 0.710351 0.000000  
0.929102 -0.147251 0.339244 0.000000  
-0.104254 0.802179 0.633715 0.000000  
0.640390 1.585134 -2.952563 1.000000  
-0.816171 -0.132910 0.562316 0.000000  
0.371254 -0.866348 0.334082 0.000000  
0.454977 0.494716 0.777308 0.000000  
-1.079275 2.953142 -3.450993 1.000000  
-0.954587 0.108656 0.277413 0.000000  
0.281545 0.024431 0.959237 0.000000  
0.100138 1.021205 -0.055401 0.000000  
0.855587 -0.402669 0.554683 1.000000  
-0.911548 -0.039498 0.409292 0.000000  
0.369579 0.357641 0.857615 0.000000  
-0.185228 0.958772 -0.320003 0.000000  
1.929739 0.116405 1.384867 1.000000  
-0.698295 0.335071 0.632543 0.000000  
0.687550 0.559812 0.462477 0.000000  
-0.204639 0.778765 -0.638439 0.000000  
1.393417 -0.186404 2.129379 1.000000  
-0.610640 -0.436154 0.660975 0.000000  
0.268042 0.671559 0.690768 0.000000  
-0.745165 0.598980 -0.293174 0.000000  
-1.311117 3.846834 1.432441 1.000000  
-0.907114 -0.314412 0.279801 0.000000  
0.256456 0.114221 0.959783 0.000000  
-0.342936 0.968397 -0.023613 0.000000  
2.554502 0.988291 0.416737 1.000000  
0.119077 -0.968954 0.216676 0.000000  
0.011732 0.219587 0.975522 0.000000  
-1.020214 -0.116756 0.038550 0.000000  
2.227708 7.295051 0.354429 1.000000  
0.760138 -0.648232 -0.044551 0.000000  
0.645985 0.761323 -0.055593 0.000000  
0.069955 0.013479 0.997459 0.000000  
-1.337359 3.807042 1.356005 1.000000  
-0.841209 -0.479486 0.249922 0.000000  
0.188868 0.172536 0.966726 0.000000  
-0.520634 0.884166 -0.056085 0.000000  
3.118148 1.790244 0.633447 1.000000  
0.196329 -0.977999 0.070519 0.000000  
0.157144 0.102372 0.982255 0.000000  
-0.994574 -0.186780 0.178581 0.000000  
1.852793 7.617167 0.238521 1.000000  
0.829250 -0.544438 -0.126218 0.000000  
0.512829 0.831035 -0.215376 0.000000  
0.222151 0.113872 0.968340 0.000000  
-1.312301 3.843179 1.587764 1.000000  
0.503141 -0.218519 0.836121 0.000000  
0.863517 0.088525 -0.496491 0.000000  
0.035427 0.998628 0.239673 0.000000  
-0.804124 -0.041304 -0.113218 1.000000  
0.695073 -0.402618 0.595628 0.000000  
0.704652 0.545859 -0.453324 0.000000  
-0.146548 0.755082 0.681418 0.000000  
0.330105 1.100046 -2.857240 1.000000  
0.790404 0.544446 0.280786 0.000000  
0.149535 0.273015 -0.950317 0.000000  
-0.610449 0.815009 0.138087 0.000000  
3.502478 1.498284 0.499091 1.000000  
0.878395 0.439556 -0.187648 0.000000  
-0.018993 -0.360209 -0.932678 0.000000  
-0.490736 0.845532 -0.316559 0.000000  
3.154585 1.652716 2.076692 1.000000  
-0.078538 0.966565 -0.244096 0.000000  
0.431248 0.253697 0.865831 0.000000  
0.923613 -0.038294 -0.448807 0.000000  
