2660
57 
1.000000 0.000000 0.000000 0.000000  
0.000000 1.000000 0.000000 0.000000  
0.000000 0.000000 1.000000 0.000000  
0.000000 0.000000 0.000000 1.000000  
1.000000 0.000000 0.000000 0.000000  
0.000000 0.000000 -1.000000 0.000000  
0.000000 1.027597 0.000000 0.000000  
0.000006 0.671671 0.968041 1.000000  
-0.543548 -0.000000 0.839378 0.000000  
0.839378 -0.000000 0.543548 0.000000  
0.000000 1.000000 0.000000 0.000000  
-0.227545 3.790957 0.427202 1.000000  
1.000000 0.000000 -0.000000 0.000000  
-0.000000 0.000000 -1.000000 0.000000  
0.000000 1.000000 0.000000 0.000000  
-0.227545 0.049626 0.427202 1.000000  
0.839378 0.000001 0.543549 0.000000  
0.543549 0.000001 -0.839378 0.000000  
-0.000002 1.027597 0.000000 0.000000  
-0.521506 -0.075975 0.881172 1.000000  
0.773555 -0.341107 0.534096 0.000000  
0.631980 0.352652 -0.690100 0.000000  
0.048346 0.895416 0.501846 0.000000  
-0.769945 0.315458 -1.325464 1.000000  
0.592752 -0.335226 0.732303 0.000000  
0.797684 0.369800 -0.476390 0.000000  
-0.114174 0.890442 0.500033 0.000000  
-0.021236 0.332734 -1.416026 1.000000  
0.592752 -0.335226 0.732303 0.000000  
0.797684 0.369800 -0.476390 0.000000  
-0.114174 0.890442 0.500033 0.000000  
-0.021236 0.332734 -1.416026 1.000000  
0.999882 0.015211 0.001901 0.000000  
-0.001767 0.237530 -0.971378 0.000000  
-0.015647 0.998065 0.244084 0.000000  
-0.198952 -0.293313 0.544715 1.000000  
-0.015139 0.960321 0.278486 0.000000  
0.002409 -0.278482 0.960438 0.000000  
0.999882 0.015211 0.001902 0.000000  
-0.342510 8.921808 2.314400 1.000000  
0.666113 0.143794 0.731859 0.000000  
0.620202 0.438264 -0.650595 0.000000  
-0.425732 0.911756 0.208348 0.000000  
1.990946 0.065461 0.486318 1.000000  
-0.735110 -0.326348 0.594231 0.000000  
0.673220 -0.248062 0.696592 0.000000  
-0.082131 0.937292 0.413152 0.000000  
0.781872 0.608480 -1.440561 1.000000  
-0.963683 0.095042 0.249565 0.000000  
0.085445 -0.775662 0.625339 0.000000  
0.259994 0.641172 0.759775 0.000000  
-0.168645 1.858067 -2.619520 1.000000  
-0.906175 0.365573 0.212608 0.000000  
0.267793 0.106927 0.957525 0.000000  
0.336345 0.950138 -0.200168 0.000000  
-0.738315 -0.615741 1.485142 1.000000  
-0.900504 0.233649 0.366743 0.000000  
0.432381 0.391407 0.812310 0.000000  
0.047525 0.914625 -0.466004 0.000000  
0.417138 -0.234573 2.280180 1.000000  
-0.608461 0.579312 0.542378 0.000000  
0.793530 0.452090 0.407338 0.000000  
-0.009483 0.696960 -0.755058 0.000000  
-0.184048 -0.288189 3.034722 1.000000  
-0.703549 -0.177662 0.688081 0.000000  
0.408938 0.690657 0.596458 0.000000  
-0.581196 0.701020 -0.413258 0.000000  
-1.864053 4.099848 1.624057 1.000000  
-0.958772 -0.051572 0.279457 0.000000  
0.264345 0.199057 0.943662 0.000000  
-0.107173 1.005638 -0.182108 0.000000  
1.239833 0.311343 1.225219 1.000000  
-0.112965 -0.925205 0.362264 0.000000  
0.050792 0.358744 0.932053 0.000000  
-1.019684 0.127103 0.006646 0.000000  
2.394571 6.438573 0.220453 1.000000  
0.588365 -0.803841 0.087552 0.000000  
0.806436 0.575439 -0.136122 0.000000  
0.059040 0.150695 0.986816 0.000000  
-1.897925 4.055822 1.553142 1.000000  
-0.932849 -0.229924 0.277358 0.000000  
0.212152 0.271641 0.938724 0.000000  
-0.299213 0.960321 -0.210268 0.000000  
1.972382 0.986642 1.348226 1.000000  
-0.038187 -0.974099 0.222876 0.000000  
0.164744 0.213850 0.962875 0.000000  
-1.012797 0.075514 0.156514 0.000000  
2.106612 6.816092 0.040694 1.000000  
0.680778 -0.732472 -0.005107 0.000000  
0.695177 0.648281 -0.310582 0.000000  
0.230803 0.207888 0.950533 0.000000  
-1.867944 4.120545 1.777993 1.000000  
0.092083 -0.153537 0.983843 0.000000  
0.968025 -0.217734 -0.124581 0.000000  
0.239784 0.990456 0.132127 0.000000  
-1.976612 0.147964 0.500275 1.000000  
0.593778 -0.412106 0.691084 0.000000  
0.802425 0.366815 -0.470704 0.000000  
-0.061162 0.857053 0.563627 0.000000  
-0.350726 0.525128 -1.819716 1.000000  
0.772734 0.413310 0.481723 0.000000  
0.479748 0.116618 -0.869622 0.000000  
-0.427071 0.928015 -0.111155 0.000000  
2.150369 0.766771 2.336919 1.000000  
0.963822 0.250440 0.091254 0.000000  
0.197092 -0.439125 -0.876541 0.000000  
-0.184401 0.886626 -0.485640 0.000000  
1.420867 1.139967 3.645200 1.000000  
0.152219 0.909104 -0.387763 0.000000  
0.467033 0.279607 0.838869 0.000000  
0.895078 -0.317311 -0.392562 0.000000  
-5.423237 7.634431 1.165583 1.000000  
0.377255 0.801387 -0.464174 0.000000  
0.619979 0.153789 0.769399 0.000000  
0.706958 -0.593990 -0.450935 0.000000  
-4.121222 8.583553 1.247634 1.000000  
-0.415072 0.714649 -0.563021 0.000000  
0.875139 0.482789 -0.032363 0.000000  
0.255555 -0.520122 -0.848599 0.000000  
-4.452334 8.007228 2.701697 1.000000  
-0.177805 -0.358468 0.916453 0.000000  
0.973498 0.072043 0.217052 0.000000  
0.143830 -0.930758 -0.336158 0.000000  
-2.222171 4.004639 0.948709 1.000000  
0.720951 0.378660 -0.580384 0.000000  
0.573549 0.144007 0.806414 0.000000  
0.399670 -0.939495 -0.116486 0.000000  
-1.799915 8.734460 -0.508966 1.000000  
0.487447 -0.794399 -0.362389 0.000000  
0.484697 -0.099035 0.869057 0.000000  
-0.746311 -0.615806 0.346062 0.000000  
2.112642 3.947768 -1.720480 1.000000  
0.064498 0.989840 -0.126713 0.000000  
0.916503 -0.108991 -0.384894 0.000000  
0.394794 0.091308 0.914221 0.000000  
-2.237300 4.069922 0.914335 1.000000  
0.898702 0.236718 -0.369187 0.000000  
0.377060 0.012843 0.926100 0.000000  
0.230147 -0.998304 -0.079860 0.000000  
-0.497795 8.609599 -0.103963 1.000000  
0.829492 -0.482183 -0.281855 0.000000  
0.331510 0.018918 0.943262 0.000000  
-0.461897 -0.900038 0.180386 0.000000  
2.071873 6.018233 -0.882985 1.000000  
-0.259571 0.965527 0.019486 0.000000  
0.895867 0.248280 -0.368482 0.000000  
0.360618 0.078191 0.929431 0.000000  
-2.197556 4.063253 1.124846 1.000000  
0.707078 0.525239 -0.473460 0.000000  
-0.574091 0.817304 0.049326 0.000000  
0.424263 0.243470 0.903703 0.000000  
-0.488679 4.665275 -10.476322 1.000000  
1.000000 -0.000000 -0.000000 0.000000  
-0.000001 0.000001 -1.000000 0.000000  
0.000000 1.000000 0.000001 0.000000  
-6.102988 3.388429 -10.077892 1.000000  
0.735230 -0.053409 0.675710 0.000000  
0.658329 0.293598 -0.693112 0.000000  
-0.165821 0.980776 0.257951 0.000000  
0.408612 0.067131 0.204059 1.000000  
0.682703 -0.466796 0.562155 0.000000  
0.679220 0.121762 -0.723764 0.000000  
0.276836 0.900116 0.411228 0.000000  
-2.023484 0.609390 -0.651628 1.000000  
0.418023 -0.601215 0.681027 0.000000  
0.573948 -0.406304 -0.710985 0.000000  
0.723592 0.707072 0.180057 0.000000  
-3.370810 2.631767 0.150230 1.000000  
0.414256 -0.234913 0.879322 0.000000  
0.741244 -0.473552 -0.475716 0.000000  
0.542733 0.872287 -0.022652 0.000000  
-3.409780 1.520968 -0.533273 1.000000  
0.818339 -0.087102 0.568098 0.000000  
0.574576 0.100644 -0.812239 0.000000  
0.013946 1.018454 0.136061 0.000000  
-0.518405 -0.117797 0.965744 1.000000  
0.850455 0.199351 0.486811 0.000000  
0.524135 -0.399964 -0.751872 0.000000  
0.046057 0.919276 -0.456909 0.000000  
-0.514253 1.641877 3.241310 1.000000  
0.880650 0.227942 0.415328 0.000000  
0.471218 -0.330607 -0.817712 0.000000  
-0.050435 0.941103 -0.409559 0.000000  
0.030294 1.399675 3.164509 1.000000  
0.906317 0.278820 0.317567 0.000000  
0.421868 -0.641098 -0.641109 0.000000  
0.025523 0.734752 -0.717945 0.000000  
-0.584629 1.235796 3.586634 1.000000  
0.937842 0.277854 0.207962 0.000000  
0.164284 0.172416 -0.971228 0.000000  
-0.314153 0.971104 0.119255 0.000000  
0.174702 0.258795 2.397671 1.000000  
0.982720 -0.000001 0.185099 0.000000  
0.185099 0.000003 -0.982720 0.000000  
0.000001 1.027597 0.000003 0.000000  
0.115007 0.671668 2.428965 1.000000  
0.982720 -0.000001 0.185099 0.000000  
0.185099 0.000003 -0.982720 0.000000  
0.000001 1.027597 0.000003 0.000000  
0.115007 0.671668 2.428965 1.000000  
-0.105895 -0.000003 0.994377 0.000000  
0.000001 1.000000 0.000003 0.000000  
0.994377 -0.000001 0.105895 0.000000  
1.136232 0.102717 2.594608 1.000000  
0.855167 -0.234767 0.462139 0.000000  
0.337484 -0.424535 -0.840163 0.000000  
0.404295 0.898578 -0.291650 0.000000  
-1.923703 0.523817 1.939111 1.000000  
0.783049 -0.274198 0.558255 0.000000  
0.608668 0.522409 -0.597170 0.000000  
-0.131424 0.829688 0.591862 0.000000  
-1.205292 -0.028935 0.266082 1.000000  
0.860412 -0.000002 0.509599 0.000000  
0.509599 0.000001 -0.860412 0.000000  
0.000001 1.027597 0.000002 0.000000  
-1.047501 0.671675 0.435503 1.000000  
0.860412 -0.000002 0.509599 0.000000  
0.509599 0.000001 -0.860412 0.000000  
0.000001 1.027597 0.000002 0.000000  
-1.047501 0.671675 0.435504 1.000000  
-0.576791 -0.000001 0.816892 0.000000  
0.000001 1.000000 0.000002 0.000000  
-0.816892 0.000002 -0.576791 0.000000  
-1.924010 0.102727 -0.114130 1.000000  
0.828484 0.006734 0.559973 0.000000  
0.557433 -0.105792 -0.823454 0.000000  
0.055178 1.021807 -0.093923 0.000000  
-0.745674 -0.037379 1.257027 1.000000  
1.000000 0.000000 0.000000 0.000000  
0.000000 1.000000 0.000000 0.000000  
0.000000 0.000000 1.000000 0.000000  
0.000000 0.000000 0.000000 1.000000  
1.000000 0.000000 0.000000 0.000000  
0.000000 0.000000 -1.000000 0.000000  
0.000000 1.027597 0.000000 0.000000  
0.000006 0.671671 0.968041 1.000000  
-0.546414 0.004264 0.837504 0.000000  
0.837514 0.001258 0.546414 0.000000  
0.001276 0.999990 -0.004258 0.000000  
-0.260029 3.749165 0.205062 1.000000  
1.000000 0.000026 0.000009 0.000000  
0.000009 -0.000008 -1.000000 0.000000  
-0.000026 1.000000 -0.000008 0.000000  
-0.260136 0.049691 0.205419 1.000000  
0.837514 0.001259 0.546415 0.000000  
0.546415 -0.004262 -0.837504 0.000000  
0.001310 1.027587 -0.004375 0.000000  
-0.560475 -0.115423 0.674485 1.000000  
0.769166 -0.355956 0.530735 0.000000  
0.637610 0.371760 -0.674720 0.000000  
0.044047 0.881035 0.527061 0.000000  
-0.786391 0.325814 -1.664541 1.000000  
0.585751 -0.397485 0.706329 0.000000  
0.802332 0.407721 -0.435921 0.000000  
-0.117879 0.844738 0.573130 0.000000  
-0.040244 0.493517 -2.010193 1.000000  
0.585751 -0.397485 0.706329 0.000000  
0.802332 0.407721 -0.435921 0.000000  
-0.117879 0.844738 0.573130 0.000000  
-0.040243 0.493517 -2.010192 1.000000  
0.999857 0.005534 0.015958 0.000000  
0.014718 0.178080 -0.983906 0.000000  
-0.008515 1.011156 0.182884 0.000000  
-0.295665 -0.459903 0.858854 1.000000  
-0.008903 0.975569 0.219514 0.000000  
-0.014355 -0.219625 0.975479 0.000000  
0.999857 0.005533 0.015959 0.000000  
-0.366418 8.846675 2.064438 1.000000  
0.659564 0.079700 0.747411 0.000000  
0.626506 0.491099 -0.605237 0.000000  
-0.426752 0.891389 0.281540 0.000000  
1.954301 0.061501 -0.119590 1.000000  
-0.680740 -0.246371 0.689851 0.000000  
0.732515 -0.224152 0.642789 0.000000  
-0.003836 0.968920 0.342252 0.000000  
0.198916 0.217382 -1.173149 1.000000  
-0.928999 0.175637 0.325748 0.000000  
0.094675 -0.738127 0.667986 0.000000  
0.367640 0.669375 0.687557 0.000000  
-0.833293 1.473292 -2.387244 1.000000  
-0.873010 0.421292 0.245696 0.000000  
0.282673 0.026563 0.958849 0.000000  
0.408396 0.931554 -0.146204 0.000000  
-1.246914 -0.673671 1.294461 1.000000  
-0.876541 0.280085 0.391444 0.000000  
0.467983 0.305753 0.829160 0.000000  
0.115657 0.935095 -0.410093 0.000000  
-0.059050 -0.433392 2.096764 1.000000  
-0.593441 0.561754 0.576421 0.000000  
0.803142 0.366291 0.469886 0.000000  
0.054280 0.762269 -0.686990 0.000000  
-0.615042 -0.496975 2.770823 1.000000  
-0.734950 -0.198558 0.648401 0.000000  
0.426163 0.608521 0.669394 0.000000  
-0.527478 0.768295 -0.362614 0.000000  
-2.002321 4.091403 1.727033 1.000000  
-0.956311 0.079368 0.281370 0.000000  
0.288639 0.103481 0.951829 0.000000  
0.047710 1.018821 -0.125232 0.000000  
0.474141 -0.086356 1.108927 1.000000  
-0.323152 -0.892640 0.314271 0.000000  
0.117758 0.291579 0.949271 0.000000  
-0.964906 0.353254 0.011192 0.000000  
2.663109 5.477142 0.462796 1.000000  
0.391111 -0.919119 0.047461 0.000000  
0.917012 0.384793 -0.104986 0.000000  
0.078232 0.084584 0.993340 0.000000  
-2.072998 4.060763 1.663734 1.000000  
-0.964317 -0.050381 0.259912 0.000000  
0.245615 0.196198 0.949305 0.000000  
-0.101548 1.006294 -0.181702 0.000000  
1.126417 0.303977 1.403460 1.000000  
-0.347399 -0.912749 0.214951 0.000000  
0.189905 0.155996 0.969331 0.000000  
-0.943629 0.387984 0.122431 0.000000  
2.625628 5.423575 0.318605 1.000000  
0.418464 -0.908138 0.013200 0.000000  
0.872803 0.398077 -0.282401 0.000000  
0.251204 0.129696 0.959206 0.000000  
-2.048229 4.108032 1.901539 1.000000  
0.181731 -0.109322 0.977253 0.000000  
0.940606 -0.270492 -0.205175 0.000000  
0.294683 0.982892 0.055154 0.000000  
-2.388385 0.071847 0.893793 1.000000  
0.587080 -0.470570 0.658712 0.000000  
0.807017 0.404253 -0.430468 0.000000  
-0.065479 0.805955 0.634117 0.000000  
-0.365866 0.720209 -2.398941 1.000000  
0.795172 0.395349 0.459783 0.000000  
0.458986 0.103096 -0.882442 0.000000  
-0.407210 0.937916 -0.102226 0.000000  
2.023036 0.650327 2.165299 1.000000  
0.971068 0.229099 0.067377 0.000000  
0.165487 -0.442188 -0.881523 0.000000  
-0.176915 0.891101 -0.480204 0.000000  
1.341136 1.038128 3.482527 1.000000  
0.162166 0.906688 -0.389383 0.000000  
0.496550 0.266023 0.826238 0.000000  
0.876258 -0.336369 -0.418310 0.000000  
-5.413529 7.687245 1.197624 1.000000  
0.382451 0.794112 -0.472353 0.000000  
0.644571 0.136977 0.752174 0.000000  
0.680282 -0.608476 -0.472154 0.000000  
-4.088291 8.606066 1.245818 1.000000  
-0.414107 0.725848 -0.549236 0.000000  
0.884745 0.462758 -0.055509 0.000000  
0.219774 -0.522965 -0.856833 0.000000  
-4.391846 8.032560 2.706994 1.000000  
-0.160346 -0.357398 0.920085 0.000000  
0.980572 0.049031 0.189934 0.000000  
0.112995 -0.932664 -0.342592 0.000000  
-2.303913 3.985958 0.881382 1.000000  
0.712978 0.364031 -0.599286 0.000000  
0.598979 0.128134 0.790447 0.000000  
0.374596 -0.947990 -0.130186 0.000000  
-1.814047 8.709776 -0.574604 1.000000  
0.458785 -0.804111 -0.378051 0.000000  
0.506355 -0.113023 0.854886 0.000000  
-0.750302 -0.599744 0.365118 0.000000  
1.952292 3.838985 -1.908156 1.000000  
0.083639 0.988528 -0.125763 0.000000  
0.902664 -0.128621 -0.410675 0.000000  
0.422140 0.079173 0.903067 0.000000  
-2.318493 4.051686 0.847623 1.000000  
0.893248 0.217350 -0.393532 0.000000  
0.402947 0.001094 0.915223 0.000000  
0.204856 -1.003031 -0.088993 0.000000  
-0.504343 8.553808 -0.206523 1.000000  
0.810020 -0.500071 -0.306262 0.000000  
0.358045 0.008152 0.933669 0.000000  
-0.477220 -0.889844 0.190775 0.000000  
1.982437 5.907004 -1.064194 1.000000  
-0.236698 0.971139 0.029377 0.000000  
0.890700 0.228972 -0.392716 0.000000  
0.388109 0.066789 0.919190 0.000000  
-2.273054 4.043400 1.056921 1.000000  
0.705461 0.510528 -0.491615 0.000000  
-0.553581 0.830047 0.067597 0.000000  
0.454788 0.230656 0.892144 0.000000  
-0.875156 4.645312 -10.585819 1.000000  
0.999347 -0.022866 -0.027971 0.000000  
-0.027901 0.003374 -0.999604 0.000000  
0.022952 0.999733 0.002734 0.000000  
-6.503985 3.495835 -10.033992 1.000000  
0.738882 0.003470 0.673827 0.000000  
0.646839 0.276561 -0.710713 0.000000  
-0.194031 0.987511 0.207679 0.000000  
0.563227 0.031319 0.416520 1.000000  
0.677122 -0.514215 0.526392 0.000000  
0.685889 0.181891 -0.704608 0.000000  
0.273931 0.861282 0.488989 0.000000  
-2.049099 0.707392 -1.242995 1.000000  
0.436711 -0.626078 0.645995 0.000000  
0.554723 -0.377906 -0.741262 0.000000  
0.727758 0.700889 0.187294 0.000000  
-3.404579 2.627645 -0.047429 1.000000  
0.435087 -0.226464 0.871443 0.000000  
0.712608 -0.504980 -0.487015 0.000000  
0.565541 0.855878 -0.059940 0.000000  
-3.471152 1.679976 -0.727928 1.000000  
0.813056 -0.136645 0.565923 0.000000  
0.582034 0.168576 -0.795498 0.000000  
0.013667 1.003111 0.222571 0.000000  
-0.559478 -0.157684 0.319896 1.000000  
0.844896 0.198001 0.496937 0.000000  
0.533448 -0.380974 -0.755176 0.000000  
0.040892 0.928060 -0.439306 0.000000  
-0.538784 1.656467 2.940133 1.000000  
0.888839 0.235072 0.393328 0.000000  
0.456859 -0.388505 -0.800215 0.000000  
-0.036272 0.915545 -0.465207 0.000000  
0.063296 1.806777 2.934053 1.000000  
0.916612 0.291572 0.273509 0.000000  
0.399776 -0.667508 -0.628182 0.000000  
-0.000608 0.704049 -0.748512 0.000000  
-0.512764 1.318691 3.495580 1.000000  
0.943646 0.282644 0.172177 0.000000  
0.161804 0.059827 -0.985008 0.000000  
-0.296675 0.983778 0.011018 0.000000  
0.158601 0.328947 2.457475 1.000000  
0.981945 0.002874 0.189142 0.000000  
0.189149 -0.002300 -0.981946 0.000000  
-0.002453 1.027590 -0.002880 0.000000  
0.099789 0.652004 2.438431 1.000000  
0.981959 0.002952 0.189071 0.000000  
0.189078 -0.002234 -0.981959 0.000000  
-0.002545 1.027590 -0.002828 0.000000  
0.099746 0.651906 2.438536 1.000000  
-0.109922 0.002463 0.993937 0.000000  
-0.002476 0.999993 -0.002752 0.000000  
0.993937 0.002764 0.109915 0.000000  
1.121698 0.085955 2.609875 1.000000  
0.860101 -0.202723 0.468112 0.000000  
0.315254 -0.510201 -0.800194 0.000000  
0.412117 0.858888 -0.385262 0.000000  
-1.969916 0.693355 2.049215 1.000000  
0.783657 -0.238346 0.573648 0.000000  
0.602400 0.517014 -0.608120 0.000000  
-0.155826 0.844812 0.563885 0.000000  
-1.208047 -0.009306 0.300687 1.000000  
0.855236 -0.001574 0.518235 0.000000  
0.518222 -0.005312 -0.855230 0.000000  
0.004212 1.027582 -0.003830 0.000000  
-1.068132 0.654891 0.450239 1.000000  
0.855236 -0.001574 0.518235 0.000000  
0.518222 -0.005312 -0.855230 0.000000  
0.004212 1.027582 -0.003830 0.000000  
-1.068133 0.654891 0.450239 1.000000  
-0.584972 0.005421 0.811035 0.000000  
0.004099 0.999985 -0.003727 0.000000  
-0.811043 0.001144 -0.584985 0.000000  
-1.941394 0.087439 -0.106069 1.000000  
0.822798 0.059012 0.565262 0.000000  
0.566680 -0.161008 -0.808053 0.000000  
0.044523 1.012376 -0.170497 0.000000  
-0.734036 -0.058974 1.345040 1.000000  
1.000000 0.000000 0.000000 0.000000  
0.000000 1.000000 0.000000 0.000000  
0.000000 0.000000 1.000000 0.000000  
0.000000 0.000000 0.000000 1.000000  
1.000000 0.000000 0.000000 0.000000  
0.000000 0.000000 -1.000000 0.000000  
0.000000 1.027597 0.000000 0.000000  
0.000006 0.671671 0.968041 1.000000  
-0.549280 0.008546 0.835595 0.000000  
0.835634 0.002520 0.549280 0.000000  
0.002589 0.999960 -0.008525 0.000000  
-0.293338 3.706273 -0.021283 1.000000  
1.000000 0.000020 0.000007 0.000000  
0.000007 -0.000006 -1.000000 0.000000  
-0.000020 1.000000 -0.000006 0.000000  
-0.293444 0.049679 -0.020935 1.000000  
0.835634 0.002521 0.549281 0.000000  
0.549281 -0.008544 -0.835594 0.000000  
0.002658 1.027557 -0.008760 0.000000  
-0.600408 -0.155884 0.463607 1.000000  
0.764925 -0.371063 0.526500 0.000000  
0.642953 0.390687 -0.658768 0.000000  
0.039817 0.865671 0.552254 0.000000  
-0.803797 0.339328 -2.008010 1.000000  
0.580561 -0.457348 0.673634 0.000000  
0.805451 0.443665 -0.392950 0.000000  
-0.122441 0.791980 0.643220 0.000000  
-0.054924 0.689158 -2.594485 1.000000  
0.580561 -0.457348 0.673634 0.000000  
0.805451 0.443665 -0.392950 0.000000  
-0.122441 0.791980 0.643220 0.000000  
-0.054924 0.689158 -2.594485 1.000000  
0.999817 0.004080 0.018673 0.000000  
0.018073 0.116104 -0.993073 0.000000  
-0.006392 1.020639 0.119210 0.000000  
-0.354163 -0.613830 1.178886 1.000000  
-0.006980 0.987415 0.157994 0.000000  
-0.017795 -0.158096 0.987263 0.000000  
0.999817 0.004080 0.018674 0.000000  
-0.403972 8.750107 1.799384 1.000000  
0.653912 0.014464 0.756432 0.000000  
0.630874 0.541449 -0.555725 0.000000  
-0.429132 0.863807 0.354455 0.000000  
1.925516 0.094393 -0.733481 1.000000  
-0.610132 -0.172681 0.773253 0.000000  
0.791512 -0.176357 0.585156 0.000000  
0.036298 0.995805 0.251021 0.000000  
-0.165570 -0.163784 -0.784898 1.000000  
-0.891997 0.236055 0.385512 0.000000  
0.128475 -0.685270 0.716868 0.000000  
0.445360 0.707987 0.596963 0.000000  
-1.318425 1.049164 -2.045089 1.000000  
-0.855176 0.449985 0.257267 0.000000  
0.277355 -0.022048 0.960515 0.000000  
0.449974 0.917402 -0.108874 0.000000  
-1.506839 -0.736648 1.221673 1.000000  
-0.865867 0.303694 0.397547 0.000000  
0.475620 0.253344 0.842379 0.000000  
0.159390 0.943818 -0.373845 0.000000  
-0.314763 -0.579523 2.038197 1.000000  
-0.608857 0.538016 0.582951 0.000000  
0.786497 0.313512 0.532102 0.000000  
0.106374 0.804057 -0.630978 0.000000  
-0.831365 -0.650009 2.624428 1.000000  
-0.771161 -0.221420 0.596895 0.000000  
0.405539 0.551894 0.728665 0.000000  
-0.490763 0.803982 -0.335805 0.000000  
-2.058854 4.031721 1.823218 1.000000  
-0.943463 0.184191 0.275592 0.000000  
0.287107 0.038547 0.957123 0.000000  
0.170242 1.009239 -0.091713 0.000000  
-0.106415 -0.379250 1.099973 1.000000  
-0.495279 -0.820431 0.285643 0.000000  
0.155053 0.240041 0.958300 0.000000  
-0.878375 0.533237 0.008553 0.000000  
2.776889 4.519177 0.667082 1.000000  
0.204993 -0.978382 0.027320 0.000000  
0.975851 0.202152 -0.082762 0.000000  
0.075450 0.043626 0.996195 0.000000  
-2.164344 4.019062 1.768529 1.000000  
-0.964246 0.107867 0.242061 0.000000  
0.256427 0.149232 0.954974 0.000000  
0.068733 1.010027 -0.176291 0.000000  
0.382231 -0.207240 1.544781 1.000000  
-0.597082 -0.770877 0.221905 0.000000  
0.199197 0.125482 0.971892 0.000000  
-0.798499 0.641737 0.080804 0.000000  
2.745586 3.957631 0.573176 1.000000  
0.144156 -0.988427 0.047239 0.000000  
0.957240 0.127190 -0.259834 0.000000  
0.250819 0.082676 0.964497 0.000000  
-2.151695 4.061355 2.017869 1.000000  
0.267754 -0.050055 0.962186 0.000000  
0.914768 -0.300336 -0.270183 0.000000  
0.310851 0.978806 -0.035583 0.000000  
-2.565185 -0.060121 1.352820 1.000000  
0.582269 -0.526036 0.619878 0.000000  
0.810097 0.439736 -0.387782 0.000000  
-0.070489 0.748044 0.701011 0.000000  
-0.377690 0.948770 -2.964576 1.000000  
0.806020 0.398534 0.437611 0.000000  
0.438999 0.093384 -0.893622 0.000000  
-0.407960 0.937567 -0.102438 0.000000  
2.008917 0.596175 2.045027 1.000000  
0.972105 0.230072 0.045593 0.000000  
0.147374 -0.447935 -0.881836 0.000000  
-0.187499 0.887800 -0.482299 0.000000  
1.360528 0.992635 3.364343 1.000000  
0.153130 0.904807 -0.397335 0.000000  
0.516221 0.269614 0.812910 0.000000  
0.865909 -0.338690 -0.437546 0.000000  
-5.439660 7.625580 1.195002 1.000000  
0.371334 0.791751 -0.485017 0.000000  
0.662388 0.140160 0.735933 0.000000  
0.668612 -0.610954 -0.485437 0.000000  
-4.113340 8.544019 1.207297 1.000000  
-0.426855 0.723489 -0.542548 0.000000  
0.883324 0.462100 -0.078752 0.000000  
0.199082 -0.527015 -0.859406 0.000000  
-4.382122 7.977404 2.677940 1.000000  
-0.138458 -0.353073 0.925294 0.000000  
0.984843 0.049469 0.166245 0.000000  
0.104470 -0.934287 -0.340872 0.000000  
-2.339729 3.921481 0.821756 1.000000  
0.698592 0.360940 -0.617812 0.000000  
0.617720 0.131515 0.775323 0.000000  
0.371062 -0.948749 -0.134702 0.000000  
-1.883165 8.638302 -0.667352 1.000000  
0.449358 -0.806053 -0.385169 0.000000  
0.526579 -0.109300 0.843070 0.000000  
-0.741574 -0.597715 0.385695 0.000000  
1.848623 3.759722 -2.067871 1.000000  
0.080946 0.987899 -0.132296 0.000000  
0.892560 -0.130920 -0.431505 0.000000  
0.443603 0.083154 0.892357 0.000000  
-2.355088 3.987058 0.788051 1.000000  
0.883672 0.215131 -0.415743 0.000000  
0.424680 0.005140 0.905329 0.000000  
0.202335 -1.003522 -0.089215 0.000000  
-0.565099 8.483450 -0.329921 1.000000  
0.802310 -0.501842 -0.323193 0.000000  
0.380234 0.012303 0.924808 0.000000  
-0.472830 -0.888740 0.206227 0.000000  
1.899604 5.831601 -1.234448 1.000000  
-0.235601 0.971370 0.030524 0.000000  
0.881148 0.226757 -0.414920 0.000000  
0.409963 0.070860 0.909346 0.000000  
-2.304669 3.979719 0.996240 1.000000  
0.693697 0.507936 -0.510671 0.000000  
-0.551530 0.830598 0.076950 0.000000  
0.476032 0.234570 0.879958 0.000000  
-1.184892 4.527230 -10.679211 1.000000  
0.998387 -0.023443 -0.051711 0.000000  
-0.051754 -0.001230 -0.998659 0.000000  
0.023348 0.999724 -0.002441 0.000000  
-6.799317 3.382817 -9.987849 1.000000  
0.737609 0.082546 0.670163 0.000000  
0.631138 0.268479 -0.727726 0.000000  
-0.246618 0.986229 0.149962 0.000000  
0.859883 0.042796 0.668442 1.000000  
0.673316 -0.558090 0.484955 0.000000  
0.691098 0.241987 -0.681047 0.000000  
0.269984 0.815615 0.563769 0.000000  
-2.069545 0.836477 -1.826740 1.000000  
0.457840 -0.649175 0.607416 0.000000  
0.533723 -0.345708 -0.771768 0.000000  
0.730623 0.696236 0.193394 0.000000  
-3.432282 2.614009 -0.238649 1.000000  
0.461963 -0.217169 0.859900 0.000000  
0.682688 -0.531844 -0.501077 0.000000  
0.581776 0.841112 -0.100123 0.000000  
-3.520830 1.828589 -0.901724 1.000000  
0.808830 -0.185406 0.558049 0.000000  
0.587933 0.236627 -0.773526 0.000000  
0.011681 0.980067 0.308687 0.000000  
-0.591420 -0.161176 -0.333493 1.000000  
0.839831 0.197642 0.505590 0.000000  
0.541935 -0.359242 -0.759771 0.000000  
0.032335 0.937247 -0.420094 0.000000  
-0.549232 1.668412 2.641086 1.000000  
0.897032 0.242757 0.369327 0.000000  
0.441193 -0.442446 -0.780762 0.000000  
-0.026849 0.887138 -0.517900 0.000000  
0.114949 2.215673 2.689071 1.000000  
0.926122 0.302275 0.225672 0.000000  
0.376029 -0.692175 -0.616032 0.000000  
-0.030835 0.673467 -0.775530 0.000000  
-0.425071 1.399560 3.389256 1.000000  
0.948614 0.286954 0.133370 0.000000  
0.154506 -0.052211 -0.986611 0.000000  
-0.283770 0.982917 -0.096455 0.000000  
0.161374 0.421118 2.497576 1.000000  
0.981949 0.002958 0.189121 0.000000  
0.189128 -0.002264 -0.981950 0.000000  
-0.002545 1.027590 -0.002859 0.000000  
0.101284 0.655162 2.439975 1.000000  
0.981977 0.003117 0.188975 0.000000  
0.188982 -0.002128 -0.981978 0.000000  
-0.002732 1.027590 -0.002753 0.000000  
0.101195 0.654961 2.440190 1.000000  
-0.109825 0.002370 0.993948 0.000000  
-0.002659 0.999993 -0.002679 0.000000  
0.993947 0.002937 0.109818 0.000000  
1.123266 0.089184 2.611387 1.000000  
0.869643 -0.168497 0.464035 0.000000  
0.288283 -0.589719 -0.754403 0.000000  
0.411825 0.811633 -0.477083 0.000000  
-1.981930 0.887464 2.140234 1.000000  
0.790070 -0.199818 0.579536 0.000000  
0.587681 0.515866 -0.623309 0.000000  
-0.179228 0.856029 0.539488 0.000000  
-1.189461 0.030021 0.320279 1.000000  
0.855309 -0.000962 0.518118 0.000000  
0.518107 -0.005105 -0.855301 0.000000  
0.003563 1.027584 -0.003974 0.000000  
-1.067748 0.656286 0.451534 1.000000  
0.855309 -0.000962 0.518118 0.000000  
0.518107 -0.005105 -0.855301 0.000000  
0.003563 1.027584 -0.003974 0.000000  
-1.067748 0.656286 0.451534 1.000000  
-0.584863 0.005165 0.811115 0.000000  
0.003468 0.999987 -0.003868 0.000000  
-0.811124 0.000550 -0.584873 0.000000  
-1.940728 0.088205 -0.104574 1.000000  
0.819460 0.112357 0.562015 0.000000  
0.572211 -0.216095 -0.791125 0.000000  
0.033459 0.996652 -0.248034 0.000000  
-0.722259 -0.056303 1.437582 1.000000  
1.000000 0.000000 0.000000 0.000000  
0.000000 1.000000 0.000000 0.000000  
0.000000 0.000000 1.000000 0.000000  
0.000000 0.000000 0.000000 1.000000  
1.000000 0.000000 0.000000 0.000000  
0.000000 0.000000 -1.000000 0.000000  
0.000000 1.027597 0.000000 0.000000  
0.000006 0.671671 0.968041 1.000000  
-0.552000 0.012682 0.833748 0.000000  
0.833835 0.003750 0.552000 0.000000  
0.003874 0.999913 -0.012644 0.000000  
-0.320046 3.672185 -0.213992 1.000000  
1.000000 0.000004 0.000001 0.000000  
0.000001 -0.000001 -1.000000 0.000000  
-0.000004 1.000000 -0.000001 0.000000  
-0.320074 0.049637 -0.213900 1.000000  
0.833835 0.003751 0.552001 0.000000  
0.552001 -0.012680 -0.833747 0.000000  
0.003979 1.027507 -0.012993 0.000000  
-0.633557 -0.187551 0.285828 1.000000  
0.762067 -0.383307 0.521852 0.000000  
0.646533 0.406477 -0.645578 0.000000  
0.036309 0.852257 0.572971 0.000000  
-0.816826 0.354857 -2.297397 1.000000  
0.579236 -0.506578 0.638642 0.000000  
0.806007 0.472997 -0.355846 0.000000  
-0.125174 0.740763 0.701112 0.000000  
-0.070478 0.890511 -3.083989 1.000000  
0.579236 -0.506578 0.638642 0.000000  
0.806007 0.472997 -0.355846 0.000000  
-0.125174 0.740763 0.701112 0.000000  
-0.070478 0.890512 -3.083989 1.000000  
0.999858 0.009213 0.014076 0.000000  
0.013282 0.081185 -0.996611 0.000000  
-0.010609 1.024161 0.083287 0.000000  
-0.356900 -0.732658 1.326000 1.000000  
-0.010878 0.992320 0.123218 0.000000  
-0.012834 -0.123353 0.992280 0.000000  
0.999858 0.009213 0.014077 0.000000  
-0.447432 8.646991 1.617178 1.000000  
0.651793 -0.042338 0.757214 0.000000  
0.631765 0.582681 -0.511230 0.000000  
-0.431148 0.833995 0.417755 0.000000  
1.905500 0.158182 -1.267832 1.000000  
-0.531066 -0.108892 0.840305 0.000000  
0.846146 -0.120574 0.519132 0.000000  
0.046026 1.013945 0.160481 0.000000  
-0.338864 -0.473198 -0.371980 1.000000  
-0.856265 0.278330 0.435136 0.000000  
0.180388 -0.628241 0.756818 0.000000  
0.497373 0.746580 0.501194 0.000000  
-1.638000 0.667936 -1.657592 1.000000  
-0.848569 0.458689 0.263698 0.000000  
0.269445 -0.054281 0.961485 0.000000  
0.467902 0.911415 -0.079670 0.000000  
-1.574900 -0.794264 1.190500 1.000000  
-0.863083 0.308741 0.399709 0.000000  
0.473741 0.220519 0.852608 0.000000  
0.179924 0.950764 -0.345878 0.000000  
-0.386451 -0.682746 2.019716 1.000000  
-0.637341 0.507833 0.579571 0.000000  
0.758746 0.282257 0.587056 0.000000  
0.138251 0.836364 -0.580809 0.000000  
-0.861640 -0.761679 2.524830 1.000000  
-0.800331 -0.250778 0.544593 0.000000  
0.368421 0.510898 0.776692 0.000000  
-0.473008 0.822250 -0.316495 0.000000  
-2.046010 3.959829 1.915000 1.000000  
-0.926034 0.261873 0.271816 0.000000  
0.279288 -0.009003 0.960165 0.000000  
0.260895 0.991694 -0.066589 0.000000  
-0.504931 -0.580330 1.113954 1.000000  
-0.623784 -0.735223 0.265217 0.000000  
0.179013 0.195916 0.964143 0.000000  
-0.781817 0.666802 0.009665 0.000000  
2.788261 3.688329 0.827050 1.000000  
0.045499 -0.998903 0.011066 0.000000  
0.996611 0.044629 -0.069105 0.000000  
0.068535 0.014173 0.997548 0.000000  
-2.183209 3.967491 1.868992 1.000000  
-0.944603 0.235325 0.228796 0.000000  
0.261057 0.116174 0.958308 0.000000  
0.204423 0.991579 -0.175895 0.000000  
-0.212487 -0.556250 1.687626 1.000000  
-0.771507 -0.593821 0.228369 0.000000  
0.206860 0.105313 0.972686 0.000000  
-0.618256 0.819689 0.042736 0.000000  
2.564762 2.667810 0.810315 1.000000  
-0.103210 -0.991556 0.078517 0.000000  
0.963620 -0.119244 -0.239202 0.000000  
0.246545 0.050972 0.967790 0.000000  
-2.182367 4.012850 2.128232 1.000000  
0.347552 0.008906 0.937618 0.000000  
0.891411 -0.313312 -0.327448 0.000000  
0.298878 0.975815 -0.120055 0.000000  
-2.558573 -0.193473 1.787266 1.000000  
0.581176 -0.570987 0.579835 0.000000  
0.810643 0.468693 -0.350978 0.000000  
-0.073330 0.692620 0.755550 0.000000  
-0.392528 1.177141 -3.434234 1.000000  
0.809114 0.412709 0.418338 0.000000  
0.420966 0.089645 -0.902636 0.000000  
-0.421343 0.931456 -0.103997 0.000000  
2.070914 0.584469 1.952472 1.000000  
0.969279 0.244413 0.027574 0.000000  
0.138928 -0.451517 -0.881380 0.000000  
-0.208572 0.881817 -0.484617 0.000000  
1.445384 0.980421 3.270534 1.000000  
0.132991 0.904990 -0.404112 0.000000  
0.528412 0.280209 0.801413 0.000000  
0.861647 -0.328953 -0.453111 0.000000  
-5.481461 7.502596 1.192847 1.000000  
0.350942 0.794491 -0.495604 0.000000  
0.674779 0.152393 0.722115 0.000000  
0.667158 -0.604066 -0.495944 0.000000  
-4.167740 8.438879 1.175068 1.000000  
-0.447226 0.715216 -0.537080 0.000000  
0.875252 0.473608 -0.098130 0.000000  
0.189264 -0.528150 -0.860925 0.000000  
-4.399817 7.875325 2.653119 1.000000  
-0.115420 -0.350734 0.929335 0.000000  
0.987161 0.063491 0.146563 0.000000  
0.110409 -0.934320 -0.338903 0.000000  
-2.339503 3.838983 0.774198 1.000000  
0.681338 0.367538 -0.633004 0.000000  
0.631016 0.143324 0.762415 0.000000  
0.381178 -0.944257 -0.137976 0.000000  
-1.976370 8.554772 -0.743616 1.000000  
0.452587 -0.801649 -0.390542 0.000000  
0.544502 -0.098391 0.832969 0.000000  
-0.725663 -0.605914 0.402787 0.000000  
1.792985 3.720684 -2.196820 1.000000  
0.064916 0.988294 -0.138055 0.000000  
0.885590 -0.120818 -0.448478 0.000000  
0.459908 0.093147 0.883067 0.000000  
-2.356411 3.904194 0.740525 1.000000  
0.872320 0.225149 -0.434011 0.000000  
0.442304 0.014945 0.896741 0.000000  
0.214137 -1.001095 -0.088936 0.000000  
-0.649940 8.419226 -0.431612 1.000000  
0.802530 -0.492431 -0.336834 0.000000  
0.398157 0.021596 0.917063 0.000000  
-0.456579 -0.894095 0.219285 0.000000  
1.832240 5.796797 -1.373357 1.000000  
-0.248113 0.968233 0.031049 0.000000  
0.869655 0.236743 -0.433189 0.000000  
0.426778 0.080477 0.900768 0.000000  
-2.301810 3.898473 0.947708 1.000000  
0.676558 0.514936 -0.526412 0.000000  
-0.561127 0.823425 0.084298 0.000000  
0.490029 0.244930 0.869388 0.000000  
-1.419530 4.408412 -10.749786 1.000000  
0.997402 -0.010213 -0.071306 0.000000  
-0.071374 -0.006428 -0.997428 0.000000  
0.009729 0.999927 -0.007140 0.000000  
-7.003198 3.191509 -9.942867 1.000000  
0.727696 0.171319 0.664160 0.000000  
0.614022 0.268817 -0.742102 0.000000  
-0.314109 0.973991 0.092919 0.000000  
1.246174 0.126568 0.931204 1.000000  
0.672635 -0.592620 0.443129 0.000000  
0.692695 0.293652 -0.658742 0.000000  
0.267441 0.770746 0.624805 0.000000  
-2.087398 0.977161 -2.313040 1.000000  
0.483040 -0.663191 0.571708 0.000000  
0.508255 -0.319303 -0.799826 0.000000  
0.732662 0.695603 0.187880 0.000000  
-3.447473 2.593514 -0.352707 1.000000  
0.496945 -0.196609 0.845216 0.000000  
0.650480 -0.560295 -0.512782 0.000000  
0.590239 0.826826 -0.154700 0.000000  
-3.554318 1.961037 -0.975727 1.000000  
0.807499 -0.226425 0.544680 0.000000  
0.589794 0.295223 -0.751656 0.000000  
0.009650 0.953827 0.382201 0.000000  
-0.612229 -0.129479 -0.895586 1.000000  
0.836754 0.204426 0.507989 0.000000  
0.547261 -0.343802 -0.763089 0.000000  
0.019167 0.941814 -0.410579 0.000000  
-0.532189 1.714541 2.417452 1.000000  
0.905954 0.255336 0.337715 0.000000  
0.422731 -0.501477 -0.754864 0.000000  
-0.024033 0.849447 -0.577770 0.000000  
0.195838 2.663203 2.490641 1.000000  
0.935824 0.304432 0.177637 0.000000  
0.347420 -0.711718 -0.610538 0.000000  
-0.061080 0.650542 -0.793108 0.000000  
-0.328175 1.461489 3.284647 1.000000  
0.953886 0.285012 0.094173 0.000000  
0.141378 -0.149839 -0.978550 0.000000  
-0.272095 0.972867 -0.188281 0.000000  
0.176095 0.516403 2.517305 1.000000  
0.982507 0.000690 0.186224 0.000000  
0.186225 -0.000690 -0.982507 0.000000  
-0.000564 1.027596 -0.000828 0.000000  
0.112048 0.668381 2.431998 1.000000  
0.982543 0.000900 0.186032 0.000000  
0.186033 -0.000510 -0.982543 0.000000  
-0.000811 1.027596 -0.000687 0.000000  
0.111931 0.668115 2.432282 1.000000  
-0.106840 0.000580 0.994276 0.000000  
-0.000789 0.999999 -0.000668 0.000000  
0.994276 0.000856 0.106839 0.000000  
1.133447 0.100084 2.599277 1.000000  
0.880267 -0.139425 0.453530 0.000000  
0.264049 -0.650214 -0.712390 0.000000  
0.405096 0.767459 -0.550327 0.000000  
-1.964360 1.065630 2.193874 1.000000  
0.799316 -0.166546 0.577371 0.000000  
0.569888 0.514829 -0.640452 0.000000  
-0.195842 0.864168 0.520399 0.000000  
-1.159651 0.077246 0.323748 1.000000  
0.859106 -0.000135 0.511797 0.000000  
0.511797 -0.001287 -0.859106 0.000000  
0.000796 1.027597 -0.001066 0.000000  
-1.052711 0.667988 0.439970 1.000000  
0.859106 -0.000134 0.511797 0.000000  
0.511797 -0.001287 -0.859106 0.000000  
0.000796 1.027597 -0.001066 0.000000  
-1.052711 0.667989 0.439971 1.000000  
-0.578877 0.001294 0.815414 0.000000  
0.000774 0.999999 -0.001037 0.000000  
-0.815414 0.000031 -0.578877 0.000000  
-1.928252 0.099145 -0.111311 1.000000  
0.818698 0.165473 0.549865 0.000000  
0.573838 -0.270843 -0.772887 0.000000  
0.021616 0.974465 -0.325433 0.000000  
-0.701403 -0.018106 1.568195 1.000000  
1.000000 0.000000 0.000000 0.000000  
0.000000 1.000000 0.000000 0.000000  
0.000000 0.000000 1.000000 0.000000  
0.000000 0.000000 0.000000 1.000000  
1.000000 0.000000 0.000000 0.000000  
0.000000 0.000000 -1.000000 0.000000  
0.000000 1.027597 0.000000 0.000000  
0.000006 0.671671 0.968041 1.000000  
-0.554469 0.016558 0.832040 0.000000  
0.832189 0.004925 0.554470 0.000000  
0.005083 0.999851 -0.016511 0.000000  
-0.333564 3.655694 -0.339293 1.000000  
1.000000 -0.000003 -0.000001 0.000000  
-0.000001 0.000001 -1.000000 0.000000  
0.000003 1.000000 0.000001 0.000000  
-0.333524 0.049610 -0.339420 1.000000  
0.832188 0.004927 0.554471 0.000000  
0.554470 -0.016557 -0.832039 0.000000  
0.005221 1.027444 -0.016966 0.000000  
-0.653086 -0.201706 0.174554 1.000000  
0.760884 -0.391589 0.517410 0.000000  
0.648057 0.418263 -0.636458 0.000000  
0.033722 0.842200 0.587808 0.000000  
-0.819610 0.375622 -2.492258 1.000000  
0.581124 -0.543485 0.605738 0.000000  
0.804696 0.494856 -0.327998 0.000000  
-0.124844 0.696754 0.744918 0.000000  
-0.086764 1.079146 -3.434845 1.000000  
0.581124 -0.543485 0.605738 0.000000  
0.804696 0.494856 -0.327998 0.000000  
-0.124844 0.696754 0.744918 0.000000  
-0.086764 1.079147 -3.434844 1.000000  
0.999852 0.012605 0.011711 0.000000  
0.010431 0.097298 -0.995201 0.000000  
-0.014061 1.022640 0.099833 0.000000  
-0.347581 -0.818257 1.168662 1.000000  
-0.014113 0.990157 0.139245 0.000000  
-0.009843 -0.139390 0.990189 0.000000  
0.999852 0.012604 0.011713 0.000000  
-0.470938 8.555085 1.611418 1.000000  
0.653280 -0.087174 0.752081 0.000000  
0.630013 0.613495 -0.476137 0.000000  
-0.431479 0.806532 0.468282 0.000000  
1.893628 0.241038 -1.669951 1.000000  
-0.446271 -0.050319 0.893482 0.000000  
0.893383 -0.083120 0.441540 0.000000  
0.053485 1.022735 0.084313 0.000000  
-0.478819 -0.677719 0.016250 1.000000  
-0.814545 0.319449 0.484220 0.000000  
0.235945 -0.580114 0.779614 0.000000  
0.544575 0.769958 0.408118 0.000000  
-1.919924 0.408169 -1.251775 1.000000  
-0.836375 0.471390 0.279766 0.000000  
0.269597 -0.090640 0.958698 0.000000  
0.490450 0.901465 -0.052691 0.000000  
-1.647776 -0.794664 1.167098 1.000000  
-0.854415 0.317726 0.411128 0.000000  
0.480530 0.182199 0.857843 0.000000  
0.203107 0.956192 -0.316860 0.000000  
-0.455532 -0.738516 1.996464 1.000000  
-0.653959 0.483939 0.581499 0.000000  
0.738620 0.242166 0.629123 0.000000  
0.168154 0.864135 -0.530049 0.000000  
-0.886480 -0.819526 2.433989 1.000000  
-0.822755 -0.269844 0.500260 0.000000  
0.343594 0.464998 0.815917 0.000000  
-0.452789 0.843186 -0.289862 0.000000  
-2.001678 3.940913 2.031732 1.000000  
-0.898782 0.335922 0.281688 0.000000  
0.278340 -0.059167 0.958659 0.000000  
0.348048 0.965972 -0.041435 0.000000  
-0.886459 -0.685636 1.115267 1.000000  
-0.728493 -0.637115 0.251759 0.000000  
0.207417 0.145119 0.967429 0.000000  
-0.670916 0.777875 0.027160 0.000000  
2.703384 2.961675 0.928473 1.000000  
-0.107438 -0.994155 -0.010679 0.000000  
0.991707 -0.106400 -0.072081 0.000000  
0.070524 -0.018334 0.997342 0.000000  
-2.166625 3.972937 1.995926 1.000000  
-0.906986 0.353162 0.229461 0.000000  
0.272781 0.077492 0.958950 0.000000  
0.329739 0.958078 -0.171218 0.000000  
-0.785806 -0.762525 1.798658 1.000000  
-0.887567 -0.395774 0.235770 0.000000  
0.223876 0.076730 0.971593 0.000000  
-0.413732 0.940392 0.021067 0.000000  
2.142658 1.596766 1.006642 1.000000  
-0.328122 -0.939438 0.098950 0.000000  
0.910942 -0.342405 -0.230093 0.000000  
0.250039 0.014640 0.968125 0.000000  
-2.171348 4.023896 2.263491 1.000000  
0.425956 0.057156 0.902937 0.000000  
0.861979 -0.328840 -0.385819 0.000000  
0.282456 0.968669 -0.194563 0.000000  
-2.500972 -0.260045 2.215374 1.000000  
0.583039 -0.604211 0.543134 0.000000  
0.809347 0.490271 -0.323408 0.000000  
-0.072832 0.645478 0.796247 0.000000  
-0.409860 1.385994 -3.766503 1.000000  
0.814995 0.421008 0.398165 0.000000  
0.401032 0.086191 -0.912000 0.000000  
-0.429821 0.927872 -0.101313 0.000000  
2.120926 0.572258 1.880709 1.000000  
0.967354 0.253302 0.008012 0.000000  
0.125917 -0.452957 -0.882595 0.000000  
-0.226003 0.878381 -0.483037 0.000000  
1.523754 0.966860 3.199263 1.000000  
0.116858 0.905703 -0.407487 0.000000  
0.543120 0.285231 0.789724 0.000000  
0.854430 -0.322254 -0.471230 0.000000  
-5.497047 7.421362 1.252751 1.000000  
