3000  
57 
1.000000 0.000000 0.000000 0.000000  
0.000000 1.000000 0.000000 0.000000  
0.000000 0.000000 1.000000 0.000000  
0.000000 0.000000 0.000000 1.000000  
1.000000 0.000000 0.000000 0.000000  
0.000000 0.000000 -1.000000 0.000000  
0.000000 1.027597 0.000000 0.000000  
0.000006 0.671671 0.968041 1.000000  
-0.543548 -0.000000 0.839378 0.000000  
0.839378 -0.000000 0.543548 0.000000  
0.000000 1.000000 0.000000 0.000000  
-0.440893 3.790957 0.427202 1.000000  
1.000000 0.000000 -0.000000 0.000000  
-0.000000 0.000000 -1.000000 0.000000  
0.000000 1.000000 0.000000 0.000000  
-0.440893 0.049620 0.427202 1.000000  
0.839378 0.000001 0.543549 0.000000  
0.543549 0.000001 -0.839378 0.000000  
-0.000002 1.027597 0.000000 0.000000  
-0.734854 -0.075975 0.881172 1.000000  
0.773556 -0.341107 0.534096 0.000000  
0.631980 0.352652 -0.690100 0.000000  
0.048346 0.895416 0.501846 0.000000  
-0.983292 0.315458 -1.325464 1.000000  
0.592752 -0.335226 0.732303 0.000000  
0.797684 0.369800 -0.476390 0.000000  
-0.114174 0.890442 0.500034 0.000000  
-0.234584 0.332735 -1.416027 1.000000  
0.592752 -0.335226 0.732303 0.000000  
0.797684 0.369800 -0.476390 0.000000  
-0.114174 0.890442 0.500034 0.000000  
-0.234584 0.332735 -1.416026 1.000000  
0.999882 0.015211 0.001901 0.000000  
-0.001767 0.237530 -0.971378 0.000000  
-0.015647 0.998065 0.244084 0.000000  
-0.412300 -0.293312 0.544715 1.000000  
-0.015139 0.960321 0.278486 0.000000  
0.002409 -0.278482 0.960438 0.000000  
0.999882 0.015211 0.001902 0.000000  
-0.555859 8.921806 2.314400 1.000000  
0.666112 0.143793 0.731859 0.000000  
0.620201 0.438265 -0.650595 0.000000  
-0.425733 0.911756 0.208348 0.000000  
1.777599 0.065462 0.486316 1.000000  
-0.736717 -0.324435 0.593287 0.000000  
0.671378 -0.246344 0.698975 0.000000  
-0.082845 0.938471 0.410324 0.000000  
0.574900 0.599181 -1.424339 1.000000  
-0.964274 0.096061 0.246875 0.000000  
0.083610 -0.773936 0.627720 0.000000  
0.258302 0.643210 0.758629 0.000000  
-0.372207 1.845768 -2.609161 1.000000  
-0.906175 0.365573 0.212609 0.000000  
0.267793 0.106926 0.957525 0.000000  
0.336345 0.950138 -0.200167 0.000000  
-0.951672 -0.615744 1.485130 1.000000  
-0.900503 0.233649 0.366744 0.000000  
0.432381 0.391406 0.812310 0.000000  
0.047526 0.914625 -0.466003 0.000000  
0.203781 -0.234576 2.280167 1.000000  
-0.608460 0.579311 0.542379 0.000000  
0.793530 0.452090 0.407338 0.000000  
-0.009483 0.696961 -0.755058 0.000000  
-0.397405 -0.288192 3.034709 1.000000  
-0.703548 -0.177662 0.688081 0.000000  
0.408939 0.690656 0.596458 0.000000  
-0.581195 0.701021 -0.413257 0.000000  
-2.077407 4.099846 1.624050 1.000000  
-0.958772 -0.051572 0.279457 0.000000  
0.264345 0.199056 0.943662 0.000000  
-0.107172 1.005638 -0.182107 0.000000  
1.026475 0.311339 1.225207 1.000000  
-0.112965 -0.925205 0.362264 0.000000  
0.050792 0.358743 0.932053 0.000000  
-1.019684 0.127103 0.006646 0.000000  
2.181215 6.438570 0.220447 1.000000  
0.588365 -0.803841 0.087551 0.000000  
0.806437 0.575439 -0.136122 0.000000  
0.059040 0.150694 0.986816 0.000000  
-2.111280 4.055820 1.553135 1.000000  
-0.932849 -0.229924 0.277358 0.000000  
0.212152 0.271640 0.938724 0.000000  
-0.299212 0.960321 -0.210267 0.000000  
1.759025 0.986638 1.348214 1.000000  
-0.038187 -0.974099 0.222875 0.000000  
0.164744 0.213849 0.962875 0.000000  
-1.012796 0.075515 0.156514 0.000000  
1.893255 6.816089 0.040688 1.000000  
0.680778 -0.732472 -0.005108 0.000000  
0.695177 0.648280 -0.310582 0.000000  
0.230804 0.207887 0.950533 0.000000  
-2.081300 4.120543 1.777986 1.000000  
0.089553 -0.150818 0.984497 0.000000  
0.968259 -0.218411 -0.121535 0.000000  
0.239795 0.990739 0.129962 0.000000  
-2.188617 0.145031 0.510824 1.000000  
0.593778 -0.412106 0.691083 0.000000  
0.802424 0.366815 -0.470703 0.000000  
-0.061163 0.857053 0.563627 0.000000  
-0.564071 0.525127 -1.819716 1.000000  
0.772734 0.413310 0.481722 0.000000  
0.479748 0.116616 -0.869622 0.000000  
-0.427069 0.928015 -0.111157 0.000000  
1.937010 0.766769 2.336927 1.000000  
0.963822 0.250438 0.091254 0.000000  
0.197092 -0.439126 -0.876540 0.000000  
-0.184399 0.886626 -0.485641 0.000000  
1.207510 1.139968 3.645207 1.000000  
0.152219 0.909103 -0.387763 0.000000  
0.467031 0.279607 0.838869 0.000000  
0.895079 -0.317311 -0.392561 0.000000  
-5.636589 7.634431 1.165580 1.000000  
0.377255 0.801387 -0.464174 0.000000  
0.619978 0.153790 0.769400 0.000000  
0.706958 -0.593990 -0.450934 0.000000  
-4.334576 8.583555 1.247632 1.000000  
-0.415071 0.714649 -0.563022 0.000000  
0.875138 0.482789 -0.032362 0.000000  
0.255556 -0.520123 -0.848599 0.000000  
-4.665689 8.007229 2.701695 1.000000  
-0.177806 -0.358468 0.916453 0.000000  
0.973498 0.072043 0.217053 0.000000  
0.143831 -0.930758 -0.336158 0.000000  
-2.435522 4.004639 0.948711 1.000000  
0.720951 0.378660 -0.580384 0.000000  
0.573548 0.144008 0.806415 0.000000  
0.399671 -0.939495 -0.116485 0.000000  
-2.013267 8.734459 -0.508966 1.000000  
0.487447 -0.794399 -0.362388 0.000000  
0.484696 -0.099034 0.869058 0.000000  
-0.746311 -0.615806 0.346062 0.000000  
1.899292 3.947768 -1.720474 1.000000  
0.064498 0.989840 -0.126714 0.000000  
0.916503 -0.108991 -0.384893 0.000000  
0.394793 0.091309 0.914222 0.000000  
-2.450651 4.069921 0.914337 1.000000  
0.898702 0.236718 -0.369186 0.000000  
0.377059 0.012844 0.926101 0.000000  
0.230147 -0.998304 -0.079859 0.000000  
-0.711147 8.609599 -0.103961 1.000000  
0.829493 -0.482183 -0.281854 0.000000  
0.331509 0.018919 0.943263 0.000000  
-0.461897 -0.900038 0.180386 0.000000  
1.858522 6.018233 -0.882980 1.000000  
-0.259571 0.965527 0.019485 0.000000  
0.895867 0.248280 -0.368481 0.000000  
0.360617 0.078191 0.929431 0.000000  
-2.410907 4.063253 1.124848 1.000000  
0.707078 0.525239 -0.473459 0.000000  
-0.574091 0.817304 0.049325 0.000000  
0.424262 0.243471 0.903704 0.000000  
-0.702017 4.665267 -10.476323 1.000000  
1.000000 0.000000 0.000001 0.000000  
0.000001 0.000000 -1.000000 0.000000  
-0.000000 1.000000 0.000001 0.000000  
-6.316326 3.388420 -10.077897 1.000000  
0.735230 -0.053410 0.675710 0.000000  
0.658329 0.293596 -0.693112 0.000000  
-0.165819 0.980776 0.257950 0.000000  
0.195251 0.067127 0.204067 1.000000  
0.682703 -0.466796 0.562155 0.000000  
0.679220 0.121762 -0.723764 0.000000  
0.276836 0.900116 0.411228 0.000000  
-2.236831 0.609390 -0.651630 1.000000  
0.418023 -0.601215 0.681027 0.000000  
0.573948 -0.406304 -0.710985 0.000000  
0.723592 0.707072 0.180057 0.000000  
-3.584157 2.631767 0.150229 1.000000  
0.414256 -0.234913 0.879322 0.000000  
0.741244 -0.473552 -0.475716 0.000000  
0.542733 0.872287 -0.022652 0.000000  
-3.623127 1.520969 -0.533274 1.000000  
0.824818 -0.114557 0.553671 0.000000  
0.564568 0.113840 -0.817498 0.000000  
0.031465 1.014107 0.162948 0.000000  
-0.824497 -0.111641 0.807513 1.000000  
0.860174 0.173465 0.479594 0.000000  
0.507316 -0.387400 -0.769774 0.000000  
0.053708 0.930433 -0.432858 0.000000  
-0.761368 1.585980 3.128884 1.000000  
0.889795 0.203512 0.408469 0.000000  
0.454547 -0.315515 -0.832969 0.000000  
-0.041763 0.952418 -0.383551 0.000000  
-0.221731 1.337819 3.037780 1.000000  
0.897969 0.325794 0.295821 0.000000  
0.437727 -0.592176 -0.676552 0.000000  
-0.046487 0.757351 -0.692975 0.000000  
-0.531476 1.101217 3.522520 1.000000  
0.925124 0.326163 0.194329 0.000000  
0.155074 0.142583 -0.977559 0.000000  
-0.356115 0.960288 0.083572 0.000000  
0.194534 0.236697 2.416020 1.000000  
0.982720 -0.000001 0.185099 0.000000  
0.185099 0.000003 -0.982720 0.000000  
0.000001 1.027597 0.000004 0.000000  
0.115005 0.671665 2.428961 1.000000  
0.982720 -0.000001 0.185099 0.000000  
0.185099 0.000003 -0.982720 0.000000  
0.000001 1.027597 0.000004 0.000000  
0.115005 0.671665 2.428961 1.000000  
-0.105895 -0.000003 0.994377 0.000000  
0.000001 1.000000 0.000004 0.000000  
0.994377 -0.000001 0.105895 0.000000  
1.136230 0.102715 2.594604 1.000000  
0.860049 -0.184003 0.475876 0.000000  
0.368386 -0.421356 -0.828704 0.000000  
0.362739 0.912540 -0.302733 0.000000  
-1.994987 0.494492 1.981366 1.000000  
0.785924 -0.229521 0.574146 0.000000  
0.585168 0.576068 -0.570722 0.000000  
-0.205267 0.806167 0.603255 0.000000  
-1.183240 -0.030277 0.259549 1.000000  
0.860412 -0.000002 0.509599 0.000000  
0.509599 0.000001 -0.860412 0.000000  
0.000001 1.027597 0.000002 0.000000  
-1.047497 0.671674 0.435494 1.000000  
0.860412 -0.000002 0.509599 0.000000  
0.509599 0.000001 -0.860412 0.000000  
0.000001 1.027597 0.000002 0.000000  
-1.047497 0.671674 0.435493 1.000000  
-0.576791 -0.000001 0.816892 0.000000  
0.000001 1.000000 0.000002 0.000000  
-0.816892 0.000002 -0.576791 0.000000  
-1.924006 0.102726 -0.114140 1.000000  
0.828484 0.006734 0.559973 0.000000  
0.557433 -0.105792 -0.823454 0.000000  
0.055178 1.021807 -0.093923 0.000000  
-0.959022 -0.037378 1.257027 1.000000  
1.000000 0.000000 0.000000 0.000000  
0.000000 1.000000 0.000000 0.000000  
0.000000 0.000000 1.000000 0.000000  
0.000000 0.000000 0.000000 1.000000  
1.000000 0.000000 0.000000 0.000000  
0.000000 0.000000 -1.000000 0.000000  
0.000000 1.027597 0.000000 0.000000  
0.000006 0.671671 0.968041 1.000000  
-0.543548 -0.000000 0.839378 0.000000  
0.839378 -0.000000 0.543548 0.000000  
0.000000 1.000000 0.000000 0.000000  
-0.440893 3.777270 0.439231 1.000000  
1.000000 0.000000 -0.000000 0.000000  
-0.000000 0.000000 -1.000000 0.000000  
0.000000 1.000000 0.000000 0.000000  
-0.440893 0.049622 0.439231 1.000000  
0.839354 0.000001 0.543585 0.000000  
0.543585 0.000001 -0.839354 0.000000  
-0.000002 1.027597 0.000000 0.000000  
-0.734873 -0.089663 0.893189 1.000000  
0.787163 -0.331262 0.520230 0.000000  
0.614881 0.355991 -0.703699 0.000000  
0.049234 0.897920 0.497264 0.000000  
-0.978788 0.289502 -1.287362 1.000000  
0.610247 -0.326343 0.721872 0.000000  
0.782648 0.389504 -0.485539 0.000000  
-0.126106 0.885039 0.506714 0.000000  
-0.165882 0.339330 -1.437248 1.000000  
0.610247 -0.326343 0.721871 0.000000  
0.782648 0.389504 -0.485539 0.000000  
-0.126106 0.885039 0.506714 0.000000  
-0.165882 0.339331 -1.437247 1.000000  
0.999786 0.020647 -0.000559 0.000000  
-0.005569 0.243365 -0.969918 0.000000  
-0.020439 0.996476 0.250146 0.000000  
-0.396799 -0.303550 0.521348 1.000000  
-0.019636 0.958529 0.284318 0.000000  
0.006405 -0.284247 0.958730 0.000000  
0.999786 0.020647 -0.000558 0.000000  
-0.585850 8.899819 2.347013 1.000000  
0.654526 0.152428 0.740514 0.000000  
0.622034 0.448153 -0.642053 0.000000  
-0.441590 0.905175 0.203991 0.000000  
1.866237 0.085215 0.518831 1.000000  
-0.724704 -0.343677 0.597236 0.000000  
0.680245 -0.218629 0.699620 0.000000  
-0.112902 0.938488 0.403050 0.000000  
0.729883 0.586565 -1.366716 1.000000  
-0.968095 0.113752 0.223276 0.000000  
0.047531 -0.791492 0.609328 0.000000  
0.252823 0.617073 0.781830 0.000000  
-0.284390 1.942974 -2.649930 1.000000  
-0.924843 0.251585 0.285253 0.000000  
0.318129 0.100616 0.942693 0.000000  
0.214220 0.989156 -0.177868 0.000000  
-0.363708 -0.485117 1.209973 1.000000  
-0.894147 0.115455 0.432632 0.000000  
0.439863 0.407277 0.800404 0.000000  
-0.086102 0.930980 -0.426402 0.000000  
0.793054 -0.004901 1.947359 1.000000  
-0.631235 0.485302 0.604999 0.000000  
0.763898 0.523960 0.376729 0.000000  
-0.137870 0.719280 -0.720822 0.000000  
0.253791 -0.155109 2.734928 1.000000  
-0.631424 -0.282525 0.722138 0.000000  
0.368760 0.709820 0.600143 0.000000  
-0.682143 0.645241 -0.344014 0.000000  
-1.995494 4.062741 1.631428 1.000000  
-0.926048 -0.171057 0.336413 0.000000  
0.303520 0.192209 0.933237 0.000000  
-0.230488 0.992999 -0.129555 0.000000  
1.476894 0.670619 0.868552 1.000000  
0.015407 -0.945038 0.326598 0.000000  
0.073223 0.326826 0.942244 0.000000  
-1.024716 0.009657 0.076283 0.000000  
1.871974 6.923034 0.070331 1.000000  
0.678752 -0.734230 0.014200 0.000000  
0.726344 0.668362 -0.160363 0.000000  
0.108252 0.119160 0.986956 0.000000  
-2.028955 4.017842 1.560866 1.000000  
-0.880631 -0.345083 0.324663 0.000000  
0.243357 0.258502 0.934855 0.000000  
-0.417748 0.927172 -0.147631 0.000000  
2.136322 1.419931 0.975674 1.000000  
0.085601 -0.979800 0.180735 0.000000  
0.204414 0.194813 0.959303 0.000000  
-1.002045 -0.046419 0.222948 0.000000  
1.532321 7.271757 -0.073834 1.000000  
0.756190 -0.649348 -0.080763 0.000000  
0.596166 0.734561 -0.324046 0.000000  
0.269744 0.196892 0.942588 0.000000  
-1.991285 4.077045 1.786081 1.000000  
0.096071 -0.139957 0.985486 0.000000  
0.974700 -0.187514 -0.121650 0.000000  
0.207388 0.999071 0.121670 0.000000  
-2.014067 0.057493 0.577240 1.000000  
0.612334 -0.402957 0.680200 0.000000  
0.787533 0.386590 -0.479938 0.000000  
-0.071484 0.852455 0.569355 0.000000  
-0.505177 0.526766 -1.835104 1.000000  
0.766487 0.414066 0.490965 0.000000  
0.470510 0.158320 -0.868075 0.000000  
-0.449235 0.921110 -0.075499 0.000000  
2.048127 0.764231 2.148061 1.000000  
0.967299 0.245847 0.062392 0.000000  
0.169944 -0.445590 -0.878959 0.000000  
-0.193484 0.884575 -0.485846 0.000000  
1.280404 1.140347 3.582987 1.000000  
0.105848 0.922761 -0.370552 0.000000  
0.514490 0.268068 0.814518 0.000000  
0.874422 -0.284501 -0.458696 0.000000  
-5.674684 7.530231 1.515626 1.000000  
0.327784 0.822706 -0.464448 0.000000  
0.665374 0.147970 0.731698 0.000000  
0.689207 -0.564018 -0.512674 0.000000  
-4.391952 8.508389 1.540336 1.000000  
-0.467143 0.719299 -0.514185 0.000000  
0.859968 0.504787 -0.075138 0.000000  
0.211178 -0.490454 -0.877961 0.000000  
-4.613999 7.884827 2.995655 1.000000  
-0.109247 -0.387487 0.915380 0.000000  
0.983735 0.089949 0.155481 0.000000  
0.142584 -0.917477 -0.371358 0.000000  
-2.413191 3.987192 0.987618 1.000000  
0.672633 0.411841 -0.614778 0.000000  
0.621701 0.136052 0.771348 0.000000  
0.412390 -0.925909 -0.169070 0.000000  
-2.194651 8.763800 -0.357958 1.000000  
0.480565 -0.772077 -0.415878 0.000000  
0.542676 -0.110707 0.832615 0.000000  
-0.707895 -0.643083 0.375880 0.000000  
1.737739 4.109096 -1.957432 1.000000  
0.033599 0.994201 -0.102155 0.000000  
0.891573 -0.076004 -0.446454 0.000000  
0.451630 0.076078 0.888956 0.000000  
-2.432015 4.052994 0.956186 1.000000  
0.867031 0.268615 -0.419646 0.000000  
0.436424 -0.003064 0.899736 0.000000  
0.247031 -0.989826 -0.123195 0.000000  
-0.866303 8.659916 -0.041961 1.000000  
0.820016 -0.453873 -0.348675 0.000000  
0.391968 0.001425 0.919978 0.000000  
-0.428565 -0.915656 0.184014 0.000000  
1.705075 6.154430 -1.059707 1.000000  
-0.279589 0.957989 0.063937 0.000000  
0.863987 0.280080 -0.418427 0.000000  
0.418756 0.061747 0.905997 0.000000  
-2.378443 4.041582 1.163377 1.000000  
0.662469 0.555077 -0.503015 0.000000  
-0.588017 0.801351 0.109875 0.000000  
0.476888 0.229147 0.880924 0.000000  
-1.446852 5.000300 -10.502058 1.000000  
0.997597 0.024501 -0.064811 0.000000  
-0.065471 0.027173 -0.997484 0.000000  
-0.022678 0.999330 0.028712 0.000000  
-6.992622 3.575920 -9.777415 1.000000  
0.741220 -0.059938 0.668580 0.000000  
0.646242 0.333110 -0.686592 0.000000  
-0.186568 0.966949 0.293526 0.000000  
0.307379 0.099508 0.003240 1.000000  
0.699708 -0.455779 0.550159 0.000000  
0.666606 0.139502 -0.732240 0.000000  
0.264084 0.903354 0.412514 0.000000  
-2.167372 0.571109 -0.643924 1.000000  
0.438839 -0.595714 0.672715 0.000000  
0.571878 -0.392300 -0.720455 0.000000  
0.712219 0.720217 0.173169 0.000000  
-3.546041 2.565949 0.189782 1.000000  
0.431108 -0.236643 0.870716 0.000000  
0.742943 -0.454519 -0.491373 0.000000  
0.526168 0.882426 -0.020690 0.000000  
-3.573514 1.463307 -0.497720 1.000000  
0.834983 -0.099674 0.541174 0.000000  
0.550151 0.130199 -0.824853 0.000000  
0.012080 1.013689 0.168063 0.000000  
-0.714604 -0.129766 0.793371 1.000000  
0.863429 0.189643 0.467468 0.000000  
0.503745 -0.373813 -0.778784 0.000000  
0.027801 0.932965 -0.429836 0.000000  
-0.653986 1.562518 3.127279 1.000000  
0.890931 0.220484 0.397026 0.000000  
0.449200 -0.299243 -0.841827 0.000000  
-0.068646 0.953973 -0.375737 0.000000  
-0.110136 1.309691 3.022924 1.000000  
0.897512 0.326623 0.296291 0.000000  
0.438889 -0.596093 -0.672346 0.000000  
-0.044173 0.753720 -0.697073 0.000000  
-0.540716 1.102993 3.547360 1.000000  
0.925045 0.327325 0.192743 0.000000  
0.149137 0.153709 -0.976797 0.000000  
-0.358998 0.958055 0.095949 0.000000  
0.199145 0.225456 2.415304 1.000000  
0.982740 -0.000335 0.184994 0.000000  
0.184994 0.000292 -0.982740 0.000000  
0.000283 1.027597 0.000359 0.000000  
0.114685 0.670887 2.427416 1.000000  
0.982750 -0.000275 0.184937 0.000000  
0.184937 0.000385 -0.982750 0.000000  
0.000205 1.027597 0.000441 0.000000  
0.114648 0.670798 2.427523 1.000000  
-0.105731 -0.000406 0.994395 0.000000  
0.000199 1.000000 0.000429 0.000000  
0.994395 -0.000243 0.105731 0.000000  
1.135787 0.101575 2.592754 1.000000  
0.859862 -0.186806 0.475122 0.000000  
0.366831 -0.421188 -0.829479 0.000000  
0.364866 0.912021 -0.301740 0.000000  
-2.001995 0.481278 1.989719 1.000000  
0.785105 -0.233124 0.573815 0.000000  
0.585350 0.582075 -0.564406 0.000000  
-0.208013 0.800498 0.609826 0.000000  
-1.183195 -0.038873 0.253406 1.000000  
0.860348 0.000110 0.509706 0.000000  
0.509706 0.000233 -0.860348 0.000000  
-0.000219 1.027597 0.000148 0.000000  
-1.046649 0.671498 0.434947 1.000000  
0.860348 0.000110 0.509706 0.000000  
0.509706 0.000233 -0.860348 0.000000  
-0.000219 1.027597 0.000148 0.000000  
-1.046649 0.671498 0.434947 1.000000  
-0.576893 -0.000241 0.816820 0.000000  
-0.000214 1.000000 0.000144 0.000000  
-0.816820 -0.000091 -0.576893 0.000000  
-1.922967 0.102442 -0.114877 1.000000  
0.828459 0.006734 0.560009 0.000000  
0.557469 -0.105792 -0.823430 0.000000  
0.055182 1.021807 -0.093921 0.000000  
-0.959058 -0.051066 1.269035 1.000000  
1.000000 0.000000 0.000000 0.000000  
0.000000 1.000000 0.000000 0.000000  
0.000000 0.000000 1.000000 0.000000  
0.000000 0.000000 0.000000 1.000000  
1.000000 0.000000 0.000000 0.000000  
0.000000 0.000000 -1.000000 0.000000  
0.000000 1.027597 0.000000 0.000000  
0.000006 0.671671 0.968041 1.000000  
-0.543548 -0.000000 0.839378 0.000000  
0.839378 -0.000000 0.543548 0.000000  
0.000000 1.000000 0.000000 0.000000  
-0.440893 3.763604 0.451211 1.000000  
1.000000 0.000000 -0.000000 0.000000  
-0.000000 0.000000 -1.000000 0.000000  
0.000000 1.000000 0.000000 0.000000  
-0.440893 0.049623 0.451211 1.000000  
0.839332 0.000001 0.543619 0.000000  
0.543619 0.000001 -0.839332 0.000000  
-0.000002 1.027597 0.000000 0.000000  
-0.734891 -0.103328 0.905157 1.000000  
0.800371 -0.321462 0.506032 0.000000  
0.597517 0.359055 -0.716975 0.000000  
0.050134 0.900390 0.492688 0.000000  
-0.974209 0.263850 -1.249492 1.000000  
0.627368 -0.317432 0.711088 0.000000  
0.767147 0.408795 -0.494339 0.000000  
-0.137462 0.879256 0.513780 0.000000  
-0.099877 0.348051 -1.460643 1.000000  
0.627368 -0.317432 0.711088 0.000000  
0.767147 0.408795 -0.494339 0.000000  
-0.137462 0.879256 0.513780 0.000000  
-0.099877 0.348051 -1.460642 1.000000  
0.999666 0.025653 -0.003164 0.000000  
-0.009462 0.249263 -0.968389 0.000000  
-0.024717 0.994813 0.256306 0.000000  
-0.383803 -0.313940 0.497853 1.000000  
-0.023631 0.956661 0.290242 0.000000  
0.010471 -0.290071 0.956948 0.000000  
0.999666 0.025652 -0.003163 0.000000  
-0.613704 8.877028 2.380420 1.000000  
0.644601 0.156148 0.748403 0.000000  
0.623706 0.458715 -0.632907 0.000000  
-0.454332 0.898897 0.203771 0.000000  
1.935931 0.103210 0.525973 1.000000  
-0.711937 -0.363089 0.601092 0.000000  
0.688879 -0.194902 0.698182 0.000000  
-0.140111 0.936287 0.399615 0.000000  
0.868150 0.587058 -1.331540 1.000000  
-0.970070 0.133800 0.202636 0.000000  
0.010484 -0.810640 0.585451 0.000000  
0.249293 0.585785 0.806638 0.000000  
-0.209852 2.062520 -2.703966 1.000000  
-0.919669 0.141832 0.366185 0.000000  
0.381339 0.099939 0.919017 0.000000  
0.096337 1.012012 -0.150026 0.000000  
0.139698 -0.292500 0.893044 1.000000  
-0.863322 0.004531 0.504632 0.000000  
0.458999 0.422665 0.781457 0.000000  
-0.215538 0.931286 -0.377103 0.000000  
1.296842 0.280839 1.559934 1.000000  
-0.626728 0.393738 0.672445 0.000000  
0.733976 0.588106 0.339721 0.000000  
-0.268930 0.725968 -0.675724 0.000000  
0.841377 0.046258 2.379175 1.000000  
-0.538532 -0.373487 0.755308 0.000000  
0.341212 0.722948 0.600768 0.000000  
-0.770427 0.581253 -0.261892 0.000000  
-1.911322 4.038905 1.638436 1.000000  
-0.873292 -0.280120 0.398616 0.000000  
0.356678 0.189748 0.914755 0.000000  
-0.341037 0.966996 -0.067609 0.000000  
1.818092 1.063177 0.462648 1.000000  
0.138819 -0.949171 0.282496 0.000000  
0.115253 0.298804 0.947329 0.000000  
-1.010733 -0.101679 0.155039 0.000000  
1.502662 7.346810 -0.087274 1.000000  
0.749523 -0.658237 -0.070289 0.000000  
0.638444 0.746850 -0.186020 0.000000  
0.174941 0.094551 0.980029 0.000000  
-1.945591 3.993268 1.568741 1.000000  
-0.811332 -0.447823 0.375759 0.000000  
0.290350 0.249195 0.923904 0.000000  
-0.521385 0.882393 -0.074146 0.000000  
2.403522 1.873807 0.551765 1.000000  
0.200179 -0.971058 0.130288 0.000000  
0.260264 0.180905 0.948439 0.000000  
-0.970626 -0.160251 0.296919 0.000000  
1.118427 7.662529 -0.189447 1.000000  
0.809888 -0.562286 -0.167081 0.000000  
0.489336 0.804704 -0.336156 0.000000  
0.323467 0.190490 0.926867 0.000000  
-1.896105 4.048029 1.792790 1.000000  
0.103521 -0.132861 0.985714 0.000000  
0.979555 -0.158259 -0.124205 0.000000  
0.177261 1.005420 0.116902 0.000000  
-1.852021 -0.017202 0.623883 1.000000  
0.630472 -0.393746 0.668931 0.000000  
0.772173 0.405953 -0.488826 0.000000  
-0.081264 0.847482 0.575436 0.000000  
-0.448768 0.530510 -1.852469 1.000000  
0.759683 0.415090 0.500582 0.000000  
0.460001 0.201095 -0.864847 0.000000  
-0.472339 0.911764 -0.039227 0.000000  
2.166031 0.775481 1.955342 1.000000  
0.969341 0.243444 0.033358 0.000000  
0.143718 -0.451590 -0.880574 0.000000  
-0.204807 0.882060 -0.485779 0.000000  
1.363713 1.147877 3.518472 1.000000  
0.058775 0.934592 -0.350834 0.000000  
0.560526 0.259913 0.786292 0.000000  
0.848845 -0.249569 -0.522622 0.000000  
-5.687642 7.410498 1.863959 1.000000  
0.276382 0.842832 -0.461787 0.000000  
0.708473 0.145988 0.690474 0.000000  
0.667289 -0.532293 -0.572141 0.000000  
-4.430131 8.420673 1.831996 1.000000  
-0.517358 0.720143 -0.462314 0.000000  
0.840656 0.528757 -0.117106 0.000000  
0.164538 -0.461630 -0.903206 0.000000  
-4.540412 7.753635 3.280784 1.000000  
-0.039136 -0.414045 0.909415 0.000000  
0.989390 0.111375 0.093286 0.000000  
0.139911 -0.903417 -0.405293 0.000000  
-2.383344 3.968452 1.025399 1.000000  
0.620391 0.445146 -0.645724 0.000000  
0.667815 0.131903 0.732546 0.000000  
0.422613 -0.910133 -0.221389 0.000000  
-2.369840 8.782740 -0.198026 1.000000  
0.470594 -0.748168 -0.467745 0.000000  
0.599005 -0.118346 0.791951 0.000000  
-0.665748 -0.670887 0.403295 0.000000  
1.559832 4.275291 -2.180162 1.000000  
0.002703 0.997073 -0.076403 0.000000  
0.861715 -0.041089 -0.505726 0.000000  
0.507385 0.064471 0.859304 0.000000  
-2.405789 4.034544 0.997108 1.000000  
0.830695 0.301959 -0.467724 0.000000  
0.494778 -0.015271 0.868885 0.000000  
0.262269 -0.979504 -0.166561 0.000000  
-1.021387 8.705159 0.027432 1.000000  
0.805978 -0.423117 -0.413970 0.000000  
0.451659 -0.012470 0.892103 0.000000  
-0.393186 -0.930992 0.186050 0.000000  
1.537177 6.294874 -1.225374 1.000000  
-0.297884 0.948394 0.108692 0.000000  
0.827461 0.313306 -0.465991 0.000000  
0.475997 0.048873 0.878088 0.000000  
-2.338400 4.019103 1.199935 1.000000  
0.614168 0.585092 -0.529590 0.000000  
-0.598700 0.782648 0.170355 0.000000  
0.528345 0.218302 0.853904 0.000000  
-2.202816 5.307016 -10.470188 1.000000  
0.990251 0.052104 -0.129179 0.000000  
-0.131851 0.051588 -0.989926 0.000000  
-0.044915 0.997308 0.057955 0.000000  
-7.652491 3.720501 -9.424498 1.000000  
0.747422 -0.065476 0.661115 0.000000  
0.632718 0.373565 -0.678320 0.000000  
-0.208145 0.950826 0.329488 0.000000  
0.426290 0.145201 -0.200664 1.000000  
0.714666 -0.446209 0.538656 0.000000  
0.654648 0.155472 -0.739773 0.000000  
0.253146 0.905642 0.414348 0.000000  
-2.108480 0.539792 -0.640049 1.000000  
0.456110 -0.590077 0.666163 0.000000  
0.568511 -0.382701 -0.728241 0.000000  
0.703554 0.730497 0.165353 0.000000  
-3.516554 2.518437 0.228705 1.000000  
0.446840 -0.248910 0.859289 0.000000  
0.741121 -0.434989 -0.511394 0.000000  
0.514901 0.889230 -0.010171 0.000000  
-3.538096 1.433009 -0.459201 1.000000  
0.844759 -0.084786 0.528389 0.000000  
0.535108 0.145872 -0.832094 0.000000  
-0.006707 1.012865 0.173249 0.000000  
-0.607398 -0.145396 0.779122 1.000000  
0.866973 0.206084 0.453749 0.000000  
0.498349 -0.363315 -0.787179 0.000000  
0.002702 0.933662 -0.429213 0.000000  
-0.546964 1.552644 3.133368 1.000000  
0.891621 0.237188 0.385686 0.000000  
0.442889 -0.279763 -0.851811 0.000000  
-0.096737 0.955983 -0.364274 0.000000  
0.002379 1.264946 3.007776 1.000000  
0.896912 0.327837 0.296770 0.000000  
0.440328 -0.600263 -0.667679 0.000000  
-0.041875 0.749658 -0.701581 0.000000  
-0.549815 1.106232 3.573618 1.000000  
0.924835 0.328831 0.191180 0.000000  
0.143334 0.164281 -0.975944 0.000000  
-0.362051 0.955656 0.107693 0.000000  
0.204260 0.215444 2.416647 1.000000  
0.982719 -0.000334 0.185101 0.000000  
0.185101 0.000075 -0.982719 0.000000  
0.000323 1.027597 0.000139 0.000000  
0.114718 0.671305 2.427789 1.000000  
0.982742 -0.000210 0.184983 0.000000  
0.184983 0.000265 -0.982742 0.000000  
0.000162 1.027597 0.000307 0.000000  
0.114641 0.671124 2.428008 1.000000  
-0.105777 -0.000281 0.994390 0.000000  
0.000158 1.000000 0.000299 0.000000  
0.994390 -0.000188 0.105777 0.000000  
1.135796 0.101965 2.593362 1.000000  
0.859700 -0.189783 0.474235 0.000000  
0.364974 -0.421311 -0.830235 0.000000  
0.367227 0.911311 -0.301019 0.000000  
-2.010044 0.468896 1.998925 1.000000  
0.784313 -0.236860 0.573367 0.000000  
0.585603 0.587718 -0.558262 0.000000  
-0.210398 0.794968 0.616210 0.000000  
-1.184672 -0.047143 0.248111 1.000000  
0.860384 0.000043 0.509646 0.000000  
0.509646 0.000136 -0.860384 0.000000  
-0.000109 1.027597 0.000098 0.000000  
-1.047055 0.671574 0.435140 1.000000  
0.860384 0.000043 0.509646 0.000000  
0.509646 0.000136 -0.860384 0.000000  
-0.000109 1.027597 0.000098 0.000000  
-1.047055 0.671574 0.435140 1.000000  
-0.576835 -0.000139 0.816860 0.000000  
-0.000106 1.000000 0.000096 0.000000  
-0.816860 -0.000032 -0.576835 0.000000  
-1.923473 0.102584 -0.114595 1.000000  
0.828437 0.006734 0.560042 0.000000  
0.557502 -0.105792 -0.823407 0.000000  
0.055186 1.021807 -0.093919 0.000000  
-0.959091 -0.064732 1.280994 1.000000  
1.000000 0.000000 0.000000 0.000000  
0.000000 1.000000 0.000000 0.000000  
0.000000 0.000000 1.000000 0.000000  
0.000000 0.000000 0.000000 1.000000  
1.000000 0.000000 0.000000 0.000000  
0.000000 0.000000 -1.000000 0.000000  
0.000000 1.027597 0.000000 0.000000  
0.000006 0.671671 0.968041 1.000000  
-0.543548 -0.000000 0.839378 0.000000  
0.839378 -0.000000 0.543548 0.000000  
0.000000 1.000000 0.000000 0.000000  
-0.440893 3.749768 0.463589 1.000000  
1.000000 0.000000 -0.000000 0.000000  
-0.000000 0.000000 -1.000000 0.000000  
0.000000 1.000000 0.000000 0.000000  
-0.440893 0.049624 0.463589 1.000000  
0.839297 0.000001 0.543674 0.000000  
0.543674 0.000001 -0.839297 0.000000  
-0.000002 1.027597 0.000000 0.000000  
-0.734921 -0.117164 0.917516 1.000000  
0.813429 -0.311427 0.491271 0.000000  
0.579548 0.361944 -0.730151 0.000000  
0.050944 0.902889 0.488008 0.000000  
-0.968958 0.237986 -1.210834 1.000000  
0.644481 -0.308249 0.699733 0.000000  
0.750832 0.428137 -0.502941 0.000000  
-0.148540 0.872963 0.521371 0.000000  
-0.034966 0.359195 -1.486491 1.000000  
0.644481 -0.308249 0.699733 0.000000  
0.750832 0.428137 -0.502941 0.000000  
-0.148540 0.872963 0.521371 0.000000  
-0.034966 0.359196 -1.486491 1.000000  
0.999509 0.030793 -0.005852 0.000000  
-0.013522 0.255201 -0.966794 0.000000  
-0.029057 0.993068 0.262543 0.000000  
-0.370057 -0.324694 0.474913 1.000000  
-0.027679 0.954713 0.296238 0.000000  
0.014707 -0.295931 0.955096 0.000000  
0.999509 0.030793 -0.005850 0.000000  
-0.641456 8.853148 2.415115 1.000000  
0.634757 0.160020 0.755961 0.000000  
0.624652 0.469624 -0.623910 0.000000  
-0.467408 0.892205 0.203608 0.000000  
2.008236 0.122891 0.533707 1.000000  
-0.699014 -0.380412 0.605530 0.000000  
0.696959 -0.172855 0.695966 0.000000  
-0.164503 0.933593 0.396611 0.000000  
0.989930 0.589660 -1.298231 1.000000  
-0.970586 0.152700 0.186133 0.000000  
-0.022332 -0.826891 0.561919 0.000000  
0.246333 0.556171 0.828221 0.000000  
-0.145935 2.174740 -2.747587 1.000000  
-0.897447 0.031814 0.439974 0.000000  
0.440752 0.105561 0.891400 0.000000  
-0.018585 1.021333 -0.111759 0.000000  
0.587935 -0.044819 0.556941 1.000000  
-0.816745 -0.103823 0.567582 0.000000  
0.474283 0.439419 0.762868 0.000000  
-0.337678 0.916887 -0.318197 0.000000  
1.730310 0.621258 1.160072 1.000000  
-0.608166 0.301537 0.734309 0.000000  
0.695343 0.648594 0.309555 0.000000  
-0.393493 0.718144 -0.620797 0.000000  
1.367088 0.310806 1.999907 1.000000  
-0.436620 -0.454833 0.776202 0.000000  
0.312839 0.732182 0.605013 0.000000  
-0.843502 0.506988 -0.177396 0.000000  
-1.824880 4.019297 1.645355 1.000000  
-0.806250 -0.383910 0.450081 0.000000  
0.406883 0.192408 0.892987 0.000000  
-0.441277 0.928025 0.001107 0.000000  
2.081438 1.493108 0.062630 1.000000  
0.255921 -0.939207 0.228902 0.000000  
0.159010 0.274461 0.948360 0.000000  
-0.979846 -0.212001 0.225643 0.000000  
1.090179 7.725537 -0.182711 1.000000  
0.804285 -0.573573 -0.155375 0.000000  
0.542991 0.815577 -0.199989 0.000000  
0.241429 0.076481 0.967400 0.000000  
-1.859765 3.972909 1.576466 1.000000  
-0.729664 -0.543301 0.415228 0.000000  
0.335820 0.244248 0.909708 0.000000  
-0.612103 0.825390 0.004349 0.000000  
2.587160 2.356525 0.143535 1.000000  
0.306950 -0.949021 0.071704 0.000000  
0.314823 0.172348 0.933372 0.000000  
-0.922934 -0.271208 0.361381 0.000000  
0.669137 8.003023 -0.241705 1.000000  
0.846802 -0.468392 -0.252063 0.000000  
0.377398 0.863016 -0.335819 0.000000  
0.374829 0.189244 0.907574 0.000000  
-1.798507 4.024326 1.798388 1.000000  
0.111304 -0.126018 0.985764 0.000000  
0.983061 -0.131380 -0.127794 0.000000  
0.149633 1.010426 0.112276 0.000000  
-1.704134 -0.082448 0.671143 1.000000  
0.648586 -0.384220 0.657047 0.000000  
0.755998 0.425371 -0.497520 0.000000  
-0.090769 0.842025 0.581989 0.000000  
-0.393447 0.536525 -1.871965 1.000000  
0.752953 0.415928 0.509965 0.000000  
0.448515 0.242721 -0.860187 0.000000  
-0.494845 0.900594 -0.003897 0.000000  
2.281067 0.797442 1.768526 1.000000  
0.970144 0.242481 0.004872 0.000000  
0.118805 -0.457622 -0.881174 0.000000  
-0.217273 0.879052 -0.485815 0.000000  
1.449280 1.161016 3.457106 1.000000  
0.011356 0.944536 -0.328211 0.000000  
0.604335 0.255020 0.754814 0.000000  
0.818635 -0.212632 -0.583593 0.000000  
-5.679071 7.275596 2.210118 1.000000  
0.223455 0.861676 -0.455613 0.000000  
0.748521 0.147703 0.646453 0.000000  
0.641558 -0.498887 -0.628866 0.000000  
-4.452888 8.320498 2.123736 1.000000  
-0.565159 0.717232 -0.407644 0.000000  
0.817170 0.554529 -0.157257 0.000000  
0.116387 -0.433635 -0.924322 0.000000  
-4.450017 7.613781 3.557831 1.000000  
0.031694 -0.438127 0.898354 0.000000  
0.990189 0.136148 0.031466 0.000000  
0.136095 -0.888543 -0.438143 0.000000  
-2.349686 3.948447 1.063589 1.000000  
0.564709 0.478455 -0.672447 0.000000  
0.711107 0.131431 0.690690 0.000000  
0.430404 -0.892181 -0.273353 0.000000  
-2.541171 8.791041 -0.025871 1.000000  
0.457819 -0.722699 -0.517791 0.000000  
0.652847 -0.122057 0.747591 0.000000  
-0.620139 -0.699075 0.427410 0.000000  
1.363977 4.445760 -2.383121 1.000000  
-0.028065 0.998400 -0.049096 0.000000  
0.827211 -0.004378 -0.561874 0.000000  
0.561189 0.056382 0.825765 0.000000  
-2.375648 4.014599 1.038645 1.000000  
0.789976 0.336603 -0.512480 0.000000  
0.551221 -0.023868 0.834017 0.000000  
0.275911 -0.967323 -0.210039 0.000000  
-1.179211 8.744864 0.108791 1.000000  
0.787581 -0.390017 -0.477077 0.000000  
0.509669 -0.022852 0.860067 0.000000  
-0.355901 -0.945928 0.185771 0.000000  
1.352540 6.438839 -1.373685 1.000000  
-0.314449 0.936734 0.153788 0.000000  
0.786571 0.347808 -0.510230 0.000000  
0.531439 0.039477 0.846176 0.000000  
-2.294652 3.995826 1.236111 1.000000  
0.562561 0.615155 -0.552367 0.000000  
-0.606130 0.761245 0.230461 0.000000  
0.577773 0.210819 0.823219 0.000000  
-2.963243 5.585529 -10.378282 1.000000  
0.977886 0.082642 -0.192119 0.000000  
-0.198219 0.073281 -0.977414 0.000000  
-0.066697 0.993881 0.088042 0.000000  
-8.289209 3.823267 -9.022601 1.000000  
0.753676 -0.070142 0.653493 0.000000  
0.618324 0.412752 -0.668814 0.000000  
-0.228967 0.933201 0.364234 0.000000  
0.541404 0.200450 -0.396997 1.000000  
0.728218 -0.437723 0.527350 0.000000  
0.643056 0.170294 -0.746645 0.000000  
0.243561 0.907199 0.416682 0.000000  
-2.057775 0.513654 -0.639086 1.000000  
0.470755 -0.584313 0.661036 0.000000  
0.564150 -0.376697 -0.734734 0.000000  
0.697045 0.738640 0.156512 0.000000  
-3.494449 2.485383 0.268370 1.000000  
0.462169 -0.269553 0.844832 0.000000  
0.736082 -0.414692 -0.534989 0.000000  
0.508202 0.893107 0.006942 0.000000  
-3.514638 1.424018 -0.415204 1.000000  
0.854320 -0.069521 0.515078 0.000000  
0.519160 0.161277 -0.839323 0.000000  
-0.025402 1.011626 0.178673 0.000000  
-0.500182 -0.158851 0.764288 1.000000  
0.870647 0.223181 0.438365 0.000000  
0.491429 -0.355287 -0.795153 0.000000  
-0.022317 0.932774 -0.430571 0.000000  
-0.438237 1.554567 3.146004 1.000000  
0.891932 0.253987 0.374098 0.000000  
0.435182 -0.257521 -0.862728 0.000000  
-0.126172 0.958023 -0.349612 0.000000  
0.119214 1.207483 2.991762 1.000000  
0.896271 0.329165 0.297235 0.000000  
0.441825 -0.604374 -0.662965 0.000000  
-0.039648 0.745544 -0.706079 0.000000  
-0.558637 1.109400 3.600240 1.000000  
0.924578 0.330460 0.189610 0.000000  
0.137460 0.174814 -0.974959 0.000000  
-0.365138 0.953085 0.119411 0.000000  
0.209679 0.205631 2.418353 1.000000  
0.982693 -0.000198 0.185238 0.000000  
0.185238 -0.000215 -0.982693 0.000000  
0.000241 1.027597 -0.000180 0.000000  
0.114930 0.671943 2.428594 1.000000  
0.982723 -0.000036 0.185082 0.000000  
0.185082 0.000035 -0.982723 0.000000  
0.000029 1.027597 0.000043 0.000000  
0.114828 0.671705 2.428884 1.000000  
-0.105878 -0.000038 0.994379 0.000000  
0.000029 1.000000 0.000041 0.000000  
0.994379 -0.000033 0.105878 0.000000  
1.136040 0.102720 2.594487 1.000000  
0.859515 -0.192827 0.473340 0.000000  
0.363140 -0.421310 -0.831040 0.000000  
0.369596 0.910637 -0.300160 0.000000  
-2.018171 0.456109 2.008028 1.000000  
0.783500 -0.240673 0.572890 0.000000  
0.585879 0.593326 -0.552005 0.000000  
-0.212772 0.789339 0.622597 0.000000  
-1.186235 -0.055479 0.242826 1.000000  
0.860417 -0.000012 0.509591 0.000000  
0.509591 0.000004 -0.860417 0.000000  
0.000008 1.027597 0.000010 0.000000  
-1.047513 0.671672 0.435466 1.000000  
0.860417 -0.000012 0.509591 0.000000  
0.509591 0.000004 -0.860417 0.000000  
0.000008 1.027597 0.000010 0.000000  
-1.047514 0.671672 0.435466 1.000000  
-0.576783 -0.000004 0.816897 0.000000  
0.000008 1.000000 0.000010 0.000000  
-0.816897 0.000012 -0.576783 0.000000  
-1.924031 0.102735 -0.114164 1.000000  
0.828400 0.006734 0.560096 0.000000  
0.557555 -0.105792 -0.823371 0.000000  
0.055192 1.021807 -0.093915 0.000000  
-0.959145 -0.078568 1.293338 1.000000  
1.000000 0.000000 0.000000 0.000000  
0.000000 1.000000 0.000000 0.000000  
0.000000 0.000000 1.000000 0.000000  
0.000000 0.000000 0.000000 1.000000  
1.000000 0.000000 0.000000 0.000000  
0.000000 0.000000 -1.000000 0.000000  
0.000000 1.027597 0.000000 0.000000  
0.000006 0.671671 0.968041 1.000000  
-0.543548 -0.000000 0.839378 0.000000  
0.839378 -0.000000 0.543548 0.000000  
0.000000 1.000000 0.000000 0.000000  
-0.440893 3.735606 0.476733 1.000000  
1.000000 0.000000 -0.000000 0.000000  
-0.000000 0.000000 -1.000000 0.000000  
0.000000 1.000000 0.000000 0.000000  
-0.440893 0.049623 0.476733 1.000000  
0.839237 0.000001 0.543766 0.000000  
0.543766 0.000001 -0.839237 0.000000  
-0.000002 1.027597 0.000000 0.000000  
-0.734971 -0.131326 0.930628 1.000000  
0.826513 -0.300935 0.475725 0.000000  
0.560673 0.364706 -0.743394 0.000000  
0.051599 0.905469 0.483136 0.000000  
-0.962605 0.211516 -1.170556 1.000000  
0.661855 -0.298589 0.687599 0.000000  
0.733382 0.447861 -0.511441 0.000000  
-0.159522 0.866030 0.529623 0.000000  
0.029872 0.373155 -1.515136 1.000000  
0.661855 -0.298589 0.687599 0.000000  
0.733382 0.447861 -0.511440 0.000000  
-0.159522 0.866030 0.529623 0.000000  
0.029872 0.373155 -1.515136 1.000000  
0.999298 0.036455 -0.008597 0.000000  
-0.017831 0.261197 -0.965121 0.000000  
-0.033847 0.991217 0.268885 0.000000  
-0.353337 -0.335936 0.452815 1.000000  
-0.032153 0.952660 0.302334 0.000000  
0.019210 -0.301845 0.953163 0.000000  
0.999298 0.036455 -0.008595 0.000000  
-0.670449 8.827847 2.451649 1.000000  
0.623248 0.165671 0.764274 0.000000  
0.625680 0.480642 -0.614416 0.000000  
-0.482080 0.884890 0.201308 0.000000  
2.090561 0.145190 0.555349 1.000000  
-0.687986 -0.393291 0.609915 0.000000  
0.703166 -0.153341 0.694294 0.000000  
-0.184489 0.931555 0.392589 0.000000  
1.086919 0.587031 -1.257258 1.000000  
-0.970245 0.169281 0.173117 0.000000  
-0.049471 -0.838500 0.542652 0.000000  
0.243560 0.532234 0.844607 0.000000  
-0.095215 2.261268 -2.770506 1.000000  
-0.863211 -0.085782 0.497502 0.000000  
0.487690 0.113001 0.865672 0.000000  
-0.134079 1.017203 -0.057246 0.000000  
1.008376 0.275010 0.197762 1.000000  
-0.760002 -0.217389 0.612486 0.000000  
0.476791 0.453931 0.752739 0.000000  
-0.453853 0.887959 -0.247999 0.000000  
2.112920 1.033907 0.760347 1.000000  
-0.584400 0.200418 0.786327 0.000000  
0.642644 0.705973 0.297677 0.000000  
-0.509139 0.698037 -0.556307 0.000000  
1.843464 0.648546 1.604459 1.000000  
-0.331410 -0.533888 0.777902 0.000000  
0.274794 0.734132 0.620918 0.000000  
-0.902583 0.419541 -0.096589 0.000000  
-1.739316 3.999533 1.647408 1.000000  
-0.728120 -0.489138 0.480193 0.000000  
0.445025 0.195486 0.873921 0.000000  
-0.535727 0.873476 0.077421 0.000000  
2.293253 1.986953 -0.310621 1.000000  
0.368935 -0.915038 0.163077 0.000000  
0.194294 0.247504 0.949206 0.000000  
-0.934005 -0.327300 0.276526 0.000000  
0.634430 8.079088 -0.168676 1.000000  
0.847712 -0.475069 -0.235997 0.000000  
0.438644 0.877967 -0.191743 0.000000  
0.298289 0.059024 0.952649 0.000000  
-1.773783 3.952746 1.578578 1.000000  
-0.637714 -0.637525 0.432299 0.000000  
0.370209 0.238481 0.897815 0.000000  
-0.694117 0.752808 0.086252 0.000000  
2.709289 2.895823 -0.217561 1.000000  
0.409727 -0.912205 0.002642 0.000000  
0.358614 0.163736 0.919014 0.000000  
-0.861909 -0.385962 0.405095 0.000000  
0.183360 8.311436 -0.186169 1.000000  
0.872092 -0.361670 -0.329622 0.000000  
0.259975 0.913113 -0.314067 0.000000  
0.414571 0.188202 0.890343 0.000000  
-1.703107 4.000563 1.798497 1.000000  
0.117606 -0.118487 0.985966 0.000000  
0.985364 -0.109453 -0.130687 0.000000  
0.126807 1.014141 0.106748 0.000000  
-1.584129 -0.136762 0.725107 1.000000  
0.666961 -0.374169 0.644330 0.000000  
0.738691 0.445173 -0.506119 0.000000  
-0.100154 0.835973 0.589130 0.000000  
-0.338344 0.545085 -1.893820 1.000000  
0.747048 0.415772 0.518703 0.000000  
0.436494 0.281719 -0.854463 0.000000  
-0.515228 0.888600 0.029775 0.000000  
2.383844 0.824114 1.592414 1.000000  
0.970084 0.241710 -0.022656 0.000000  
0.094992 -0.463805 -0.880830 0.000000  
-0.229579 0.875849 -0.485940 0.000000  
1.528760 1.175654 3.401026 1.000000  
-0.035794 0.952525 -0.302350 0.000000  
0.645601 0.252979 0.720556 0.000000  
0.783888 -0.174081 -0.641227 0.000000  
-5.651412 7.127452 2.554161 1.000000  
