4660
57 
1.000000 0.000000 0.000000 0.000000  
0.000000 1.000000 0.000000 0.000000  
0.000000 0.000000 1.000000 0.000000  
0.000000 0.000000 0.000000 1.000000  
1.000000 0.000000 0.000000 0.000000  
0.000000 0.000000 -1.000000 0.000000  
0.000000 1.027597 0.000000 0.000000  
0.000006 0.671671 0.968041 1.000000  
-0.543548 -0.000000 0.839378 0.000000  
0.839378 -0.000000 0.543548 0.000000  
0.000000 1.000000 0.000000 0.000000  
-0.440893 3.790957 0.427202 1.000000  
1.000000 0.000000 -0.000000 0.000000  
-0.000000 0.000000 -1.000000 0.000000  
0.000000 1.000000 0.000000 0.000000  
-0.440893 0.049623 0.427202 1.000000  
0.839378 0.000001 0.543549 0.000000  
0.543549 0.000001 -0.839378 0.000000  
-0.000002 1.027597 0.000000 0.000000  
-0.734854 -0.075975 0.881172 1.000000  
0.773556 -0.341107 0.534096 0.000000  
0.631980 0.352652 -0.690100 0.000000  
0.048346 0.895416 0.501846 0.000000  
-0.983292 0.315458 -1.325464 1.000000  
0.592752 -0.335226 0.732303 0.000000  
0.797684 0.369800 -0.476390 0.000000  
-0.114174 0.890442 0.500034 0.000000  
-0.234584 0.332733 -1.416027 1.000000  
0.592752 -0.335226 0.732303 0.000000  
0.797684 0.369800 -0.476390 0.000000  
-0.114174 0.890442 0.500034 0.000000  
-0.234583 0.332733 -1.416027 1.000000  
0.999882 0.015211 0.001901 0.000000  
-0.001767 0.237530 -0.971378 0.000000  
-0.015647 0.998065 0.244084 0.000000  
-0.412300 -0.293313 0.544715 1.000000  
-0.015139 0.960321 0.278486 0.000000  
0.002409 -0.278482 0.960438 0.000000  
0.999882 0.015211 0.001902 0.000000  
-0.555858 8.921805 2.314399 1.000000  
0.666112 0.143794 0.731859 0.000000  
0.620201 0.438265 -0.650595 0.000000  
-0.425733 0.911756 0.208348 0.000000  
1.777600 0.065462 0.486316 1.000000  
-0.735115 -0.326337 0.594230 0.000000  
0.673216 -0.248071 0.696593 0.000000  
-0.082119 0.937293 0.413152 0.000000  
0.568452 0.608472 -1.440557 1.000000  
-0.963681 0.095052 0.249566 0.000000  
0.085438 -0.775661 0.625341 0.000000  
0.260001 0.641171 0.759773 0.000000  
-0.382045 1.858060 -2.619511 1.000000  
-0.906175 0.365572 0.212610 0.000000  
0.267794 0.106927 0.957524 0.000000  
0.336343 0.950138 -0.200168 0.000000  
-0.951677 -0.615723 1.485142 1.000000  
-0.900503 0.233647 0.366745 0.000000  
0.432382 0.391407 0.812309 0.000000  
0.047524 0.914625 -0.466004 0.000000  
0.203777 -0.234554 2.280178 1.000000  
-0.608460 0.579311 0.542379 0.000000  
0.793530 0.452091 0.407336 0.000000  
-0.009485 0.696960 -0.755058 0.000000  
-0.397407 -0.288172 3.034721 1.000000  
-0.703547 -0.177662 0.688082 0.000000  
0.408939 0.690657 0.596457 0.000000  
-0.581197 0.701019 -0.413257 0.000000  
-2.077419 4.099863 1.624060 1.000000  
-0.958772 -0.051573 0.279458 0.000000  
0.264346 0.199057 0.943662 0.000000  
-0.107174 1.005637 -0.182108 0.000000  
1.026469 0.311361 1.225217 1.000000  
-0.112963 -0.925205 0.362264 0.000000  
0.050793 0.358744 0.932053 0.000000  
-1.019685 0.127102 0.006647 0.000000  
2.181198 6.438592 0.220450 1.000000  
0.588367 -0.803840 0.087551 0.000000  
0.806436 0.575440 -0.136123 0.000000  
0.059041 0.150695 0.986816 0.000000  
-2.111291 4.055835 1.553145 1.000000  
-0.932848 -0.229925 0.277359 0.000000  
0.212153 0.271641 0.938724 0.000000  
-0.299214 0.960320 -0.210267 0.000000  
1.759018 0.986662 1.348222 1.000000  
-0.038185 -0.974099 0.222876 0.000000  
0.164745 0.213850 0.962875 0.000000  
-1.012796 0.075513 0.156515 0.000000  
1.893238 6.816113 0.040692 1.000000  
0.680779 -0.732471 -0.005108 0.000000  
0.695176 0.648281 -0.310583 0.000000  
0.230805 0.207888 0.950532 0.000000  
-2.081311 4.120562 1.777996 1.000000  
0.092080 -0.153538 0.983843 0.000000  
0.968022 -0.217748 -0.124580 0.000000  
0.239797 0.990452 0.132127 0.000000  
-2.190039 0.147996 0.500276 1.000000  
0.593778 -0.412106 0.691083 0.000000  
0.802424 0.366815 -0.470703 0.000000  
-0.061162 0.857053 0.563627 0.000000  
-0.564072 0.525127 -1.819717 1.000000  
0.772738 0.413306 0.481720 0.000000  
0.479747 0.116611 -0.869623 0.000000  
-0.427063 0.928017 -0.111158 0.000000  
1.936979 0.766756 2.336934 1.000000  
0.963824 0.250432 0.091251 0.000000  
0.197087 -0.439130 -0.876539 0.000000  
-0.184394 0.886625 -0.485644 0.000000  
1.207483 1.139962 3.645216 1.000000  
0.152217 0.909103 -0.387765 0.000000  
0.467031 0.279610 0.838869 0.000000  
0.895079 -0.317310 -0.392560 0.000000  
-5.636609 7.634431 1.165579 1.000000  
0.377254 0.801387 -0.464175 0.000000  
0.619977 0.153793 0.769400 0.000000  
0.706960 -0.593989 -0.450933 0.000000  
-4.334597 8.583555 1.247629 1.000000  
-0.415072 0.714647 -0.563023 0.000000  
0.875137 0.482790 -0.032362 0.000000  
0.255558 -0.520124 -0.848598 0.000000  
-4.665709 8.007233 2.701694 1.000000  
-0.177805 -0.358466 0.916454 0.000000  
0.973497 0.072045 0.217053 0.000000  
0.143833 -0.930758 -0.336156 0.000000  
-2.435535 4.004646 0.948718 1.000000  
0.720951 0.378660 -0.580384 0.000000  
0.573547 0.144011 0.806415 0.000000  
0.399672 -0.939494 -0.116483 0.000000  
-2.013288 8.734461 -0.508968 1.000000  
0.487449 -0.794399 -0.362387 0.000000  
0.484696 -0.099032 0.869059 0.000000  
-0.746310 -0.615807 0.346063 0.000000  
1.899281 3.947777 -1.720465 1.000000  
0.064496 0.989840 -0.126715 0.000000  
0.916503 -0.108990 -0.384893 0.000000  
0.394793 0.091311 0.914221 0.000000  
-2.450663 4.069928 0.914344 1.000000  
0.898702 0.236719 -0.369186 0.000000  
0.377058 0.012846 0.926101 0.000000  
0.230149 -0.998304 -0.079857 0.000000  
-0.711168 8.609604 -0.103962 1.000000  
0.829494 -0.482181 -0.281852 0.000000  
0.331509 0.018921 0.943263 0.000000  
-0.461896 -0.900038 0.180387 0.000000  
1.858507 6.018243 -0.882975 1.000000  
-0.259573 0.965527 0.019483 0.000000  
0.895867 0.248281 -0.368482 0.000000  
0.360616 0.078194 0.929431 0.000000  
-2.410919 4.063260 1.124855 1.000000  
0.707077 0.525240 -0.473460 0.000000  
-0.574092 0.817303 0.049323 0.000000  
0.424261 0.243474 0.903703 0.000000  
-0.702026 4.665256 -10.476315 1.000000  
1.000000 0.000002 0.000001 0.000000  
0.000001 -0.000001 -1.000000 0.000000  
-0.000002 1.000000 -0.000001 0.000000  
-6.316333 3.388400 -10.077890 1.000000  
0.735231 -0.053413 0.675709 0.000000  
0.658330 0.293591 -0.693114 0.000000  
-0.165813 0.980777 0.257948 0.000000  
0.195215 0.067121 0.204079 1.000000  
0.682703 -0.466796 0.562155 0.000000  
0.679220 0.121762 -0.723764 0.000000  
0.276836 0.900116 0.411228 0.000000  
-2.236831 0.609389 -0.651629 1.000000  
0.418023 -0.601215 0.681027 0.000000  
0.573948 -0.406304 -0.710985 0.000000  
0.723592 0.707072 0.180057 0.000000  
-3.584157 2.631766 0.150229 1.000000  
0.414256 -0.234913 0.879322 0.000000  
0.741244 -0.473552 -0.475716 0.000000  
0.542733 0.872287 -0.022652 0.000000  
-3.623127 1.520968 -0.533274 1.000000  
0.824818 -0.114557 0.553671 0.000000  
0.564568 0.113840 -0.817498 0.000000  
0.031465 1.014107 0.162948 0.000000  
-0.824497 -0.111642 0.807513 1.000000  
0.860174 0.173465 0.479594 0.000000  
0.507316 -0.387400 -0.769774 0.000000  
0.053708 0.930433 -0.432858 0.000000  
-0.761368 1.585980 3.128884 1.000000  
0.889795 0.203512 0.408469 0.000000  
0.454547 -0.315515 -0.832969 0.000000  
-0.041763 0.952418 -0.383551 0.000000  
-0.221731 1.337819 3.037781 1.000000  
0.897867 0.325843 0.296076 0.000000  
0.437946 -0.592066 -0.676506 0.000000  
-0.046384 0.757419 -0.692907 0.000000  
-0.531933 1.100878 3.522116 1.000000  
0.925047 0.326225 0.194591 0.000000  
0.155302 0.142699 -0.977506 0.000000  
-0.356222 0.960248 0.083585 0.000000  
0.194427 0.236538 2.415703 1.000000  
0.982720 -0.000001 0.185100 0.000000  
0.185099 0.000002 -0.982720 0.000000  
0.000001 1.027597 0.000002 0.000000  
0.115012 0.671664 2.428941 1.000000  
0.982720 -0.000001 0.185099 0.000000  
0.185099 0.000002 -0.982720 0.000000  
0.000001 1.027597 0.000002 0.000000  
0.115012 0.671664 2.428941 1.000000  
-0.105895 -0.000002 0.994377 0.000000  
0.000001 1.000000 0.000002 0.000000  
0.994377 -0.000001 0.105895 0.000000  
1.136237 0.102714 2.594585 1.000000  
0.859830 -0.184071 0.476246 0.000000  
0.368676 -0.421469 -0.828518 0.000000  
0.362977 0.912471 -0.302657 0.000000  
-1.996146 0.494781 1.981162 1.000000  
0.785658 -0.229572 0.574489 0.000000  
0.585474 0.575950 -0.570527 0.000000  
-0.205417 0.806240 0.603106 0.000000  
-1.183751 -0.030228 0.259720 1.000000  
0.860412 -0.000002 0.509599 0.000000  
0.509599 0.000001 -0.860412 0.000000  
0.000001 1.027597 0.000002 0.000000  
-1.047496 0.671674 0.435496 1.000000  
0.860412 -0.000002 0.509599 0.000000  
0.509599 0.000001 -0.860412 0.000000  
0.000001 1.027597 0.000002 0.000000  
-1.047496 0.671674 0.435496 1.000000  
-0.576791 -0.000001 0.816892 0.000000  
0.000001 1.000000 0.000002 0.000000  
-0.816892 0.000002 -0.576791 0.000000  
-1.924005 0.102727 -0.114138 1.000000  
0.828484 0.006734 0.559973 0.000000  
0.557433 -0.105792 -0.823454 0.000000  
0.055178 1.021807 -0.093923 0.000000  
-0.959022 -0.037379 1.257027 1.000000  
1.000000 0.000000 0.000000 0.000000  
0.000000 1.000000 0.000000 0.000000  
0.000000 0.000000 1.000000 0.000000  
0.000000 0.000000 0.000000 1.000000  
1.000000 0.000000 0.000000 0.000000  
0.000000 0.000000 -1.000000 0.000000  
0.000000 1.027597 0.000000 0.000000  
0.000006 0.671671 0.968041 1.000000  
-0.627074 -0.000184 0.778960 0.000000  
0.778960 -0.000389 0.627074 0.000000  
0.000188 1.000000 0.000387 0.000000  
-0.389752 3.820587 0.465751 1.000000  
1.000000 -0.000045 -0.000000 0.000000  
-0.000000 -0.000019 -1.000000 0.000000  
0.000045 1.000000 -0.000019 0.000000  
-0.389751 0.049621 0.465762 1.000000  
0.778959 -0.000388 0.627075 0.000000  
0.627075 0.000185 -0.778959 0.000000  
0.000191 1.027597 0.000398 0.000000  
-0.729613 -0.046444 0.885548 1.000000  
0.716324 -0.336367 0.611340 0.000000  
0.697753 0.351013 -0.624444 0.000000  
-0.004672 0.897985 0.499556 0.000000  
-0.743150 0.334942 -1.312194 1.000000  
0.519816 -0.334572 0.786036 0.000000  
0.838875 0.373851 -0.395631 0.000000  
-0.165950 0.888914 0.488107 0.000000  
0.010723 0.370388 -1.360822 1.000000  
0.519816 -0.334572 0.786036 0.000000  
0.838875 0.373851 -0.395631 0.000000  
-0.165950 0.888914 0.488107 0.000000  
0.010723 0.370388 -1.360822 1.000000  
0.991616 0.016372 0.128178 0.000000  
0.120501 0.241025 -0.963009 0.000000  
-0.047948 0.997161 0.243572 0.000000  
-0.341493 -0.259406 0.567535 1.000000  
-0.051725 0.959293 0.277634 0.000000  
-0.118416 -0.281936 0.952097 0.000000  
0.991616 0.016371 0.128179 0.000000  
-0.722190 8.949105 2.336486 1.000000  
0.590964 0.144721 0.793610 0.000000  
0.678962 0.442022 -0.586197 0.000000  
-0.447650 0.909683 0.167456 0.000000  
1.828779 0.106596 0.728271 1.000000  
-0.768194 -0.342802 0.540708 0.000000  
0.629432 -0.250027 0.735732 0.000000  
-0.120248 0.930514 0.419095 0.000000  
0.750024 0.692246 -1.392519 1.000000  
-0.978992 0.082534 0.186446 0.000000  
0.051651 -0.784204 0.618350 0.000000  
0.202690 0.631962 0.784536 0.000000  
-0.137723 1.953019 -2.618076 1.000000  
-0.941296 0.284059 0.182405 0.000000  
0.205497 0.053470 0.977196 0.000000  
0.275220 0.983734 -0.111704 0.000000  
-0.627152 -0.514503 1.113894 1.000000  
-0.934380 0.141688 0.326892 0.000000  
0.356244 0.358884 0.862724 0.000000  
0.005057 0.948026 -0.396456 0.000000  
0.450757 -0.113713 2.002671 1.000000  
-0.679105 0.492888 0.543947 0.000000  
0.733797 0.474944 0.485767 0.000000  
-0.019437 0.749152 -0.703100 0.000000  
-0.185732 -0.265784 2.713578 1.000000  
-0.725478 -0.277675 0.629744 0.000000  
0.322595 0.671069 0.667532 0.000000  
-0.607959 0.687432 -0.397270 0.000000  
-2.107043 4.086674 1.516947 1.000000  
-0.966300 -0.139582 0.216288 0.000000  
0.195971 0.145909 0.969694 0.000000  
-0.171517 1.006430 -0.116774 0.000000  
1.287804 0.566112 1.040912 1.000000  
-0.063665 -0.955378 0.288442 0.000000  
-0.027911 0.290619 0.956432 0.000000  
-1.025111 0.054299 -0.046414 0.000000  
2.036863 6.817320 0.543699 1.000000  
0.640844 -0.764815 0.066153 0.000000  
0.767636 0.639245 -0.045825 0.000000  
-0.007240 0.080148 0.996756 0.000000  
-2.133551 4.045810 1.441170 1.000000  
-0.927085 -0.315013 0.203172 0.000000  
0.138870 0.214812 0.966732 0.000000  
-0.357786 0.949970 -0.159692 0.000000  
1.960044 1.280095 1.255650 1.000000  
0.022172 -0.988323 0.150753 0.000000  
0.094631 0.152188 0.983811 0.000000  
-1.022732 -0.007756 0.099575 0.000000  
1.732006 7.186078 0.373886 1.000000  
0.732685 -0.680392 -0.015440 0.000000  
0.661119 0.716949 -0.221145 0.000000  
0.161535 0.151822 0.975119 0.000000  
-2.121008 4.095462 1.671438 1.000000  
0.029726 -0.166048 0.985669 0.000000  
0.976659 -0.205043 -0.063996 0.000000  
0.218602 0.991184 0.160384 0.000000  
-2.123101 0.173855 0.358072 1.000000  
0.525164 -0.411358 0.744975 0.000000  
0.843050 0.370871 -0.389514 0.000000  
-0.119262 0.855587 0.556509 0.000000  
-0.278576 0.562411 -1.794386 1.000000  
0.715772 0.434577 0.546637 0.000000  
0.558806 0.113024 -0.821560 0.000000  
-0.430373 0.918173 -0.166414 0.000000  
1.878068 0.871872 2.677954 1.000000  
0.952485 0.256816 0.163761 0.000000  
0.271075 -0.469577 -0.840247 0.000000  
-0.142724 0.868026 -0.531146 0.000000  
0.993863 1.286661 3.957084 1.000000  
0.120473 0.920577 -0.371516 0.000000  
0.465020 0.278309 0.840416 0.000000  
0.901269 -0.281572 -0.405447 0.000000  
-5.705862 7.541365 1.215105 1.000000  
0.348125 0.821445 -0.451703 0.000000  
0.621244 0.158692 0.767380 0.000000  
0.721417 -0.562880 -0.467632 0.000000  
-4.433538 8.529234 1.305184 1.000000  
-0.441895 0.711719 -0.546063 0.000000  
0.859307 0.510584 -0.029908 0.000000  
0.264632 -0.495766 -0.860315 0.000000  
-4.734350 7.915515 2.750504 1.000000  
-0.158872 -0.381068 0.910795 0.000000  
0.972540 0.098511 0.210859 0.000000  
0.170075 -0.919284 -0.354953 0.000000  
-2.394727 4.018719 0.904306 1.000000  
0.703898 0.411994 -0.578609 0.000000  
0.575453 0.146761 0.804559 0.000000  
0.427882 -0.924108 -0.137470 0.000000  
-2.132784 8.786074 -0.466100 1.000000  
0.509027 -0.771721 -0.381232 0.000000  
0.494772 -0.100091 0.863240 0.000000  
-0.723776 -0.645367 0.340008 0.000000  
1.917383 4.148395 -1.798893 1.000000  
0.032445 0.993588 -0.108303 0.000000  
0.916229 -0.072862 -0.393973 0.000000  
0.399338 0.086448 0.912719 0.000000  
-2.412176 4.084129 0.871301 1.000000  
0.887754 0.271759 -0.371537 0.000000  
0.384166 0.007255 0.923236 0.000000  
0.260592 -0.988896 -0.100664 0.000000  
-0.824071 8.694605 -0.073624 1.000000  
0.841797 -0.450478 -0.297401 0.000000  
0.338592 0.011571 0.940862 0.000000  
-0.431998 -0.917349 0.166747 0.000000  
1.818835 6.200422 -0.921765 1.000000  
-0.289477 0.956352 0.039905 0.000000  
0.884565 0.283211 -0.370589 0.000000  
0.365716 0.071979 0.927939 0.000000  
-2.370493 4.074751 1.081333 1.000000  
0.686337 0.556026 -0.468803 0.000000  
-0.598947 0.797780 0.069341 0.000000  
0.423943 0.239633 0.904878 0.000000  
-0.777869 4.948462 -10.519099 1.000000  
0.999476 0.031435 -0.007726 0.000000  
-0.008321 0.018825 -0.999788 0.000000  
-0.031283 0.999328 0.019076 0.000000  
-6.345972 3.488483 -10.101727 1.000000  
0.667894 -0.029918 0.743655 0.000000  
0.716572 0.295836 -0.631669 0.000000  
-0.206651 0.981119 0.225071 0.000000  
0.361062 0.109146 0.399964 1.000000  
0.623289 -0.469559 0.625320 0.000000  
0.745443 0.115163 -0.656545 0.000000  
0.242793 0.899516 0.433450 0.000000  
-2.120802 0.652579 -0.766468 1.000000  
0.346809 -0.616372 0.706971 0.000000  
0.628054 -0.407208 -0.663120 0.000000  
0.715838 0.692593 0.252678 0.000000  
-3.540299 2.737227 -0.092788 1.000000  
0.333384 -0.279883 0.900289 0.000000  
0.761226 -0.483472 -0.432190 0.000000  
0.571578 0.852299 0.053304 0.000000  
-3.546151 1.744048 -0.759403 1.000000  
0.775284 -0.110083 0.621946 0.000000  
0.631416 0.110512 -0.767529 0.000000  
0.016194 1.015019 0.159469 0.000000  
-0.809153 -0.080926 0.843553 1.000000  
0.825650 0.156591 0.542015 0.000000  
0.555544 -0.393129 -0.732680 0.000000  
0.101065 0.931056 -0.422939 0.000000  
-0.954244 1.596509 3.126881 1.000000  
0.870015 0.159928 0.466365 0.000000  
0.492391 -0.329811 -0.805466 0.000000  
0.025686 0.956078 -0.375780 0.000000  
-0.403728 1.307070 3.065337 1.000000  
0.867061 0.317865 0.383623 0.000000  
0.498071 -0.535383 -0.682122 0.000000  
-0.011753 0.804108 -0.639710 0.000000  
-0.658176 0.927902 3.361533 1.000000  
0.901391 0.325451 0.285613 0.000000  
0.226719 0.207230 -0.951658 0.000000  
-0.379086 0.948031 0.116128 0.000000  
0.157886 0.158095 2.267959 1.000000  
0.962556 -0.005567 0.271025 0.000000  
0.271040 0.002251 -0.962565 0.000000  
0.004880 1.027578 0.003777 0.000000  
0.063118 0.649656 2.290767 1.000000  
0.978586 -0.005399 0.205765 0.000000  
0.205781 0.002628 -0.978594 0.000000  
0.004874 1.027578 0.003784 0.000000  
0.065979 0.649375 2.361562 1.000000  
-0.126841 -0.003051 0.991918 0.000000  
0.004743 0.999982 0.003683 0.000000  
0.991912 -0.005172 0.126825 0.000000  
1.080774 0.074921 2.546593 1.000000  
0.812065 -0.183435 0.553987 0.000000  
0.438112 -0.435467 -0.786401 0.000000  
0.396135 0.905639 -0.280804 0.000000  
-2.101097 0.558208 1.911856 1.000000  
0.730386 -0.225191 0.644845 0.000000  
0.642017 0.548575 -0.535612 0.000000  
-0.239565 0.827426 0.560295 0.000000  
-1.165225 -0.004943 0.305378 1.000000  
0.805591 0.002938 0.592465 0.000000  
0.592238 0.024065 -0.805403 0.000000  
-0.017082 1.027295 0.018134 0.000000  
-1.050152 0.652749 0.476806 1.000000  
0.805591 0.002938 0.592465 0.000000  
0.592238 0.024065 -0.805403 0.000000  
-0.017082 1.027295 0.018134 0.000000  
-1.050152 0.652749 0.476806 1.000000  
-0.654780 -0.024223 0.755431 0.000000  
-0.016624 0.999706 0.017647 0.000000  
-0.755637 -0.001003 -0.654991 0.000000  
-1.858336 0.081560 -0.167127 1.000000  
0.766433 0.006341 0.642292 0.000000  
0.639226 -0.105617 -0.761732 0.000000  
0.064746 1.021829 -0.087348 0.000000  
-0.991278 -0.007935 1.236343 1.000000  
1.000000 0.000000 0.000000 0.000000  
0.000000 1.000000 0.000000 0.000000  
0.000000 0.000000 1.000000 0.000000  
0.000000 0.000000 0.000000 1.000000  
1.000000 0.000000 0.000000 0.000000  
0.000000 0.000000 -1.000000 0.000000  
0.000000 1.027597 0.000000 0.000000  
0.000006 0.671671 0.968041 1.000000  
-0.704351 -0.000366 0.709852 0.000000  
0.709852 -0.000754 0.704351 0.000000  
0.000277 1.000000 0.000791 0.000000  
-0.338733 3.850138 0.504340 1.000000  
1.000000 0.000009 -0.000000 0.000000  
-0.000000 0.000003 -1.000000 0.000000  
-0.000009 1.000000 0.000003 0.000000  
-0.338746 0.049620 0.504331 1.000000  
0.709851 -0.000753 0.704352 0.000000  
0.704352 0.000367 -0.709851 0.000000  
0.000283 1.027597 0.000813 0.000000  
-0.720735 -0.016991 0.885201 1.000000  
0.650994 -0.331605 0.682822 0.000000  
0.757055 0.349336 -0.552116 0.000000  
-0.056980 0.900543 0.491663 0.000000  
-0.502708 0.354419 -1.278767 1.000000  
0.441578 -0.333850 0.832798 0.000000  
0.872085 0.377881 -0.310925 0.000000  
-0.216716 0.887400 0.470649 0.000000  
0.255507 0.407892 -1.284560 1.000000  
0.441578 -0.333850 0.832798 0.000000  
0.872085 0.377881 -0.310925 0.000000  
-0.216716 0.887400 0.470649 0.000000  
0.255508 0.407892 -1.284560 1.000000  
0.967343 0.017345 0.252876 0.000000  
0.241110 0.244775 -0.939123 0.000000  
-0.080344 0.996178 0.239018 0.000000  
-0.267673 -0.225211 0.594948 1.000000  
-0.088335 0.958179 0.272193 0.000000  
-0.237581 -0.285642 0.928420 0.000000  
0.967343 0.017344 0.252878 0.000000  
-0.887162 8.976104 2.333586 1.000000  
0.509653 0.145710 0.847952 0.000000  
0.731357 0.445741 -0.516170 0.000000  
-0.465685 0.907598 0.123936 0.000000  
1.860924 0.147755 0.972472 1.000000  
-0.797375 -0.358876 0.485182 0.000000  
0.583126 -0.251116 0.772597 0.000000  
-0.159719 0.923780 0.420804 0.000000  
0.935376 0.774960 -1.331412 1.000000  
-0.990092 0.069921 0.121773 0.000000  
0.019128 -0.791970 0.610261 0.000000  
0.142949 0.623282 0.804389 0.000000  
0.112610 2.045267 -2.601698 1.000000  
-0.968959 0.197574 0.148602 0.000000  
0.151814 0.001124 0.988408 0.000000  
0.200501 1.007341 -0.031941 0.000000  
-0.259726 -0.358293 0.782990 1.000000  
-0.957803 0.046468 0.283645 0.000000  
0.283029 0.324422 0.902577 0.000000  
-0.051462 0.970844 -0.332822 0.000000  
0.737086 0.061427 1.753890 1.000000  
-0.742648 0.400318 0.536861 0.000000  
0.668270 0.495026 0.555306 0.000000  
-0.044661 0.792447 -0.652679 0.000000  
0.080395 -0.188066 2.417322 1.000000  
-0.731165 -0.375623 0.569477 0.000000  
0.234132 0.645897 0.726636 0.000000  
-0.640765 0.664624 -0.384312 0.000000  
-2.122641 4.076515 1.403792 1.000000  
-0.961498 -0.228064 0.153323 0.000000  
0.135276 0.092856 0.986447 0.000000  
-0.245812 0.995956 -0.060041 0.000000  
1.563483 0.868659 0.885997 1.000000  
-0.000936 -0.975160 0.221502 0.000000  
-0.098573 0.220514 0.970390 0.000000  
-1.022592 -0.021504 -0.098989 0.000000  
1.831658 7.178327 0.839966 1.000000  
0.696143 -0.716078 0.051155 0.000000  
0.715126 0.697949 0.038240 0.000000  
-0.063086 0.009962 0.997958 0.000000  
-2.141989 4.039096 1.324167 1.000000  
-0.907715 -0.398629 0.130952 0.000000  
0.073042 0.157209 0.984861 0.000000  
-0.424584 0.928473 -0.116718 0.000000  
2.164710 1.615528 1.183492 1.000000  
0.093994 -0.991775 0.086878 0.000000  
0.033185 0.090337 0.995358 0.000000  
-1.022480 -0.093177 0.042546 0.000000  
1.506961 7.533476 0.678114 1.000000  
0.784839 -0.619391 -0.019584 0.000000  
0.611538 0.779226 -0.137215 0.000000  
0.100250 0.095716 0.990348 0.000000  
-2.144913 4.073457 1.557527 1.000000  
-0.032722 -0.177643 0.983551 0.000000  
0.981375 -0.192094 -0.002045 0.000000  
0.194521 0.991801 0.185605 0.000000  
-2.039169 0.199640 0.220760 1.000000  
0.451247 -0.410543 0.792358 0.000000  
0.875652 0.374907 -0.304432 0.000000  
-0.176827 0.854143 0.543258 0.000000  
0.009344 0.599507 -1.744161 1.000000  
0.652071 0.456117 0.605608 0.000000  
0.633616 0.110794 -0.765673 0.000000  
-0.427824 0.907364 -0.222740 0.000000  
1.786474 0.982043 3.011493 1.000000  
0.935489 0.263093 0.235888 0.000000  
0.341247 -0.499382 -0.796347 0.000000  
-0.094247 0.848250 -0.572316 0.000000  
0.744076 1.439450 4.242728 1.000000  
0.091359 0.927440 -0.362642 0.000000  
0.466508 0.281873 0.838402 0.000000  
0.904066 -0.252553 -0.418136 0.000000  
-5.750250 7.465298 1.245101 1.000000  
0.320722 0.835412 -0.446345 0.000000  
0.625108 0.167345 0.762388 0.000000  
0.731240 -0.537977 -0.481482 0.000000  
-4.504286 8.486452 1.332418 1.000000  
-0.467020 0.705213 -0.533448 0.000000  
0.844756 0.534102 -0.033484 0.000000  
0.268513 -0.479139 -0.868495 0.000000  
-4.772428 7.849339 2.774040 1.000000  
-0.138452 -0.394977 0.908198 0.000000  
0.971768 0.122716 0.201513 0.000000  
0.191043 -0.910458 -0.366836 0.000000  
-2.348369 4.037718 0.860196 1.000000  
0.686057 0.437189 -0.581542 0.000000  
0.580068 0.153773 0.799922 0.000000  
0.451261 -0.910581 -0.152189 0.000000  
-2.230959 8.824827 -0.460448 1.000000  
0.525558 -0.753441 -0.395115 0.000000  
0.506765 -0.095799 0.856745 0.000000  
-0.702217 -0.668451 0.340617 0.000000  
1.928658 4.313766 -1.887391 1.000000  
0.004280 0.995205 -0.097716 0.000000  
0.913483 -0.043648 -0.404529 0.000000  
0.406854 0.087530 0.909290 0.000000  
-2.367948 4.102979 0.828101 1.000000  
0.875915 0.299810 -0.378003 0.000000  
0.393953 0.007845 0.919097 0.000000  
0.286206 -0.980293 -0.114310 0.000000  
-0.916010 8.764865 -0.083024 1.000000  
0.850390 -0.424164 -0.311323 0.000000  
0.348476 0.010729 0.937256 0.000000  
-0.405089 -0.930511 0.161266 0.000000  
1.784115 6.352845 -0.986755 1.000000  
-0.314864 0.947627 0.053509 0.000000  
0.872427 0.311159 -0.376896 0.000000  
0.373807 0.071988 0.924709 0.000000  
-2.323719 4.092494 1.037559 1.000000  
0.665802 0.579506 -0.469978 0.000000  
-0.619575 0.780375 0.084509 0.000000  
0.427206 0.241403 0.902871 0.000000  
-0.883009 5.133321 -10.568942 1.000000  
0.998109 0.058741 -0.018072 0.000000  
-0.019819 0.029285 -0.999374 0.000000  
-0.058175 0.997843 0.030394 0.000000  
-6.404510 3.517748 -10.108081 1.000000  
0.593277 -0.006117 0.804975 0.000000  
0.769151 0.299391 -0.564599 0.000000  
-0.244104 0.980442 0.187359 0.000000  
0.510016 0.156480 0.611200 1.000000  
0.557664 -0.472243 0.682640 0.000000  
0.805324 0.108515 -0.582818 0.000000  
0.206707 0.898904 0.452990 0.000000  
-1.990652 0.695790 -0.879511 1.000000  
0.273658 -0.631290 0.725661 0.000000  
0.678714 -0.407836 -0.610751 0.000000  
0.700320 0.677858 0.325603 0.000000  
-3.469214 2.842902 -0.340880 1.000000  
0.249721 -0.324438 0.912349 0.000000  
0.779550 -0.491552 -0.388172 0.000000  
0.590257 0.830459 0.133757 0.000000  
-3.439068 1.966195 -0.985181 1.000000  
0.719742 -0.105684 0.686150 0.000000  
0.694239 0.107125 -0.711727 0.000000  
0.001762 1.015896 0.154624 0.000000  
-0.796912 -0.050081 0.875367 1.000000  
0.785941 0.139471 0.602366 0.000000  
0.601403 -0.398654 -0.692380 0.000000  
0.147530 0.931449 -0.408159 0.000000  
-1.145214 1.607249 3.102103 1.000000  
0.844072 0.115626 0.523616 0.000000  
0.528667 -0.342868 -0.776500 0.000000  
0.092225 0.957967 -0.360207 0.000000  
-0.588856 1.276405 3.070792 1.000000  
0.827637 0.317187 0.463043 0.000000  
0.561244 -0.474488 -0.678134 0.000000  
0.004740 0.843790 -0.586474 0.000000  
-0.717969 0.775340 3.196587 1.000000  
0.868134 0.331728 0.369188 0.000000  
0.287894 0.269357 -0.919001 0.000000  
-0.415460 0.929054 0.142153 0.000000  
0.189330 0.104328 2.128967 1.000000  
0.936471 -0.004905 0.350711 0.000000  
0.350726 0.002685 -0.936474 0.000000  
0.003753 1.027581 0.004352 0.000000  
0.072353 0.652657 2.160910 1.000000  
0.975319 -0.004486 0.220758 0.000000  
0.220774 0.003343 -0.975320 0.000000  
0.003738 1.027581 0.004369 0.000000  
0.071034 0.652039 2.303914 1.000000  
-0.142047 -0.003692 0.989853 0.000000  
0.003637 0.999984 0.004251 0.000000  
0.989854 -0.004204 0.142032 0.000000  
1.083472 0.078547 2.504214 1.000000  
0.756820 -0.183057 0.627466 0.000000  
0.503232 -0.449424 -0.738089 0.000000  
0.428622 0.898491 -0.254858 0.000000  
-2.200747 0.622565 1.824816 1.000000  
0.668354 -0.221118 0.710218 0.000000  
0.696786 0.520320 -0.493718 0.000000  
-0.267556 0.847611 0.515679 0.000000  
-1.154796 0.023087 0.342767 1.000000  
0.742298 0.005590 0.670047 0.000000  
0.669085 0.048008 -0.741634 0.000000  
-0.037316 1.026396 0.032776 0.000000  
-1.059261 0.635959 0.508070 1.000000  
0.742298 0.005590 0.670047 0.000000  
0.669085 0.048008 -0.741634 0.000000  
-0.037316 1.026396 0.032776 0.000000  
-1.059261 0.635959 0.508069 1.000000  
-0.726318 -0.048302 0.685660 0.000000  
-0.036314 0.998831 0.031896 0.000000  
-0.686399 -0.001732 -0.727223 0.000000  
-1.788764 0.063153 -0.222536 1.000000  
0.695818 0.005973 0.718193 0.000000  
0.714640 -0.105444 -0.691499 0.000000  
0.073575 1.021850 -0.079781 0.000000  
-1.017308 0.021433 1.207035 1.000000  
1.000000 0.000000 0.000000 0.000000  
0.000000 1.000000 0.000000 0.000000  
0.000000 0.000000 1.000000 0.000000  
0.000000 0.000000 0.000000 1.000000  
1.000000 0.000000 0.000000 0.000000  
0.000000 0.000000 -1.000000 0.000000  
0.000000 1.027597 0.000000 0.000000  
0.000006 0.671671 0.968041 1.000000  
-0.771087 -0.000563 0.636729 0.000000  
0.636730 -0.001315 0.771086 0.000000  
0.000403 0.999999 0.001373 0.000000  
-0.286739 3.880322 0.542614 1.000000  
1.000000 0.000021 -0.000000 0.000000  
-0.000000 0.000006 -1.000000 0.000000  
-0.000021 1.000000 0.000006 0.000000  
-0.286746 0.049620 0.542605 1.000000  
0.636728 -0.001314 0.771087 0.000000  
0.771088 0.000564 -0.636728 0.000000  
0.000412 1.027596 0.001410 0.000000  
-0.705322 0.013089 0.881680 1.000000  
0.582073 -0.327002 0.744487 0.000000  
0.806647 0.347651 -0.477974 0.000000  
-0.105353 0.903005 0.478998 0.000000  
-0.272714 0.374934 -1.226374 1.000000  
0.363477 -0.333348 0.869921 0.000000  
0.895662 0.381912 -0.227886 0.000000  
-0.263340 0.885776 0.449455 0.000000  
0.488760 0.446513 -1.192968 1.000000  
0.363477 -0.333349 0.869921 0.000000  
0.895662 0.381912 -0.227886 0.000000  
-0.263340 0.885776 0.449455 0.000000  
0.488760 0.446513 -1.192968 1.000000  
0.929138 0.018034 0.369294 0.000000  
0.353577 0.248701 -0.901738 0.000000  
-0.111089 0.995138 0.230902 0.000000  
-0.189976 -0.190346 0.627705 1.000000  
-0.122995 0.957001 0.262718 0.000000  
-0.348679 -0.289522 0.891403 0.000000  
0.929137 0.018034 0.369296 0.000000  
-1.037027 9.003325 2.309889 1.000000  
0.427831 0.146461 0.891914 0.000000  
0.774383 0.449519 -0.445269 0.000000  
-0.479011 0.905500 0.081079 0.000000  
1.878022 0.189394 1.203502 1.000000  
-0.819530 -0.375725 0.432668 0.000000  
0.539560 -0.251663 0.803455 0.000000  
-0.198318 0.916520 0.420258 0.000000  
1.116934 0.861306 -1.270414 1.000000  
-0.996481 0.056428 0.061980 0.000000  
-0.007940 -0.799672 0.600384 0.000000  
0.085745 0.614277 0.819310 0.000000  
0.352229 2.140645 -2.577839 1.000000  
-0.987892 0.105957 0.113324 0.000000  
0.108657 -0.048845 0.992879 0.000000  
0.113794 1.020579 0.037755 0.000000  
0.147825 -0.145910 0.500180 1.000000  
-0.969503 -0.051942 0.239513 0.000000  
0.214970 0.289090 0.932853 0.000000  
-0.120944 0.982272 -0.276534 0.000000  
1.062073 0.293365 1.541156 1.000000  
-0.796812 0.301905 0.523396 0.000000  
0.598533 0.513015 0.615283 0.000000  
-0.085037 0.825711 -0.605745 0.000000  
0.401605 -0.051780 2.156209 1.000000  
-0.719658 -0.470853 0.510284 0.000000  
0.146031 0.615851 0.774211 0.000000  
-0.678798 0.631685 -0.374443 0.000000  
-2.116622 4.069092 1.293533 1.000000  
-0.943849 -0.317003 0.093055 0.000000  
0.084345 0.041120 0.995588 0.000000  
-0.328246 0.973683 -0.012406 0.000000  
1.851968 1.220331 0.763603 1.000000  
0.073934 -0.983891 0.162764 0.000000  
-0.158767 0.149517 0.975929 0.000000  
-1.011715 -0.100700 -0.149161 0.000000  
1.575045 7.520483 1.106170 1.000000  
0.752644 -0.657095 0.041863 0.000000  
0.649771 0.751523 0.114065 0.000000  
-0.106413 -0.058649 0.992591 0.000000  
-2.129231 4.035309 1.210984 1.000000  
-0.874603 -0.480705 0.063183 0.000000  
0.016903 0.100008 0.994843 0.000000  
-0.497917 0.895203 -0.081532 0.000000  
2.373032 1.994532 1.133597 1.000000  
0.175626 -0.983933 0.032111 0.000000  
-0.017433 0.029505 0.999413 0.000000  
-1.011467 -0.180942 -0.012302 0.000000  
1.228077 7.856753 0.950316 1.000000  
0.835593 -0.549034 -0.018647 0.000000  
0.547154 0.834805 -0.061019 0.000000  
0.049068 0.040785 0.997962 0.000000  
-2.145113 4.054439 1.445564 1.000000  
-0.088824 -0.189381 0.977878 0.000000  
0.982491 -0.178089 0.054753 0.000000  
0.168300 0.992267 0.207455 0.000000  
-1.936205 0.225966 0.094443 1.000000  
0.377193 -0.409938 0.830468 0.000000  
0.898621 0.378943 -0.221093 0.000000  
-0.230249 0.852567 0.525424 0.000000  
0.285678 0.637840 -1.673277 1.000000  
0.589114 0.473945 0.654462 0.000000  
0.699972 0.105333 -0.706360 0.000000  
-0.414853 0.898358 -0.277139 0.000000  
1.645406 1.081490 3.323015 1.000000  
0.913795 0.267362 0.305773 0.000000  
0.404226 -0.524933 -0.749031 0.000000  
-0.040849 0.830362 -0.603976 0.000000  
0.463475 1.578135 4.479927 1.000000  
0.065378 0.932790 -0.354441 0.000000  
0.469528 0.284666 0.835769 0.000000  
0.904793 -0.227162 -0.430933 0.000000  
-5.780280 7.403027 1.274569 1.000000  
0.295842 0.846997 -0.441671 0.000000  
0.629869 0.174641 0.756813 0.000000  
0.737972 -0.515948 -0.495128 0.000000  
-4.557638 8.452328 1.357761 1.000000  
-0.489598 0.699145 -0.521048 0.000000  
0.831569 0.554130 -0.037840 0.000000  
0.269511 -0.464282 -0.876221 0.000000  
-4.793952 7.795194 2.795962 1.000000  
-0.118561 -0.406874 0.905758 0.000000  
0.970912 0.143598 0.191595 0.000000  
0.208020 -0.902127 -0.378014 0.000000  
-2.303787 4.060322 0.816790 1.000000  
0.668800 0.458805 -0.584982 0.000000  
0.585600 0.159651 0.794723 0.000000  
0.470656 -0.898198 -0.166369 0.000000  
-2.313928 8.861393 -0.457536 1.000000  
0.538413 -0.737016 -0.408557 0.000000  
0.518829 -0.092113 0.849901 0.000000  
-0.682349 -0.688047 0.341974 0.000000  
1.933262 4.463446 -1.976651 1.000000  
-0.020167 0.995927 -0.087877 0.000000  
0.909474 -0.018234 -0.415362 0.000000  
0.415272 0.088298 0.905402 0.000000  
-2.325262 4.125410 0.785570 1.000000  
0.864185 0.323973 -0.385001 0.000000  
0.404356 0.008240 0.914565 0.000000  
0.307731 -0.972138 -0.127298 0.000000  
-0.993621 8.828749 -0.095788 1.000000  
0.856400 -0.401011 -0.325222 0.000000  
0.359039 0.009878 0.933270 0.000000  
-0.381278 -0.941299 0.156645 0.000000  
1.751522 6.489771 -1.054229 1.000000  
-0.336324 0.939395 0.066508 0.000000  
0.860445 0.335226 -0.383741 0.000000  
0.382780 0.071835 0.921043 0.000000  
-2.278359 4.113948 0.994395 1.000000  
0.646521 0.599522 -0.471787 0.000000  
-0.636652 0.764727 0.099329 0.000000  
0.431939 0.242663 0.900278 0.000000  
-0.997907 5.300378 -10.616921 1.000000  
0.996181 0.082383 -0.028901 0.000000  
-0.032156 0.038456 -0.998743 0.000000  
-0.081168 0.995858 0.040958 0.000000  
-6.474285 3.550923 -10.108973 1.000000  
0.517018 0.014479 0.855852 0.000000  
0.814570 0.298884 -0.497136 0.000000  
-0.270256 0.980512 0.146674 0.000000  
0.602860 0.200510 0.831172 1.000000  
0.490391 -0.475102 0.730613 0.000000  
0.855389 0.101929 -0.507859 0.000000  
0.171418 0.898127 0.468977 0.000000  
-1.853616 0.740349 -0.982264 1.000000  
0.203360 -0.646199 0.735576 0.000000  
0.722425 -0.408059 -0.558202 0.000000  
0.679107 0.662712 0.394441 0.000000  
-3.375112 2.950051 -0.575048 1.000000  
0.169457 -0.368734 0.913958 0.000000  
0.794412 -0.497730 -0.348100 0.000000  
0.599358 0.806713 0.214340 0.000000  
-3.310894 2.188447 -1.191223 1.000000  
0.662604 -0.101628 0.742043 0.000000  
0.748896 0.103840 -0.654502 0.000000  
-0.010829 1.016693 0.148912 0.000000  
-0.784418 -0.018426 0.903365 1.000000  
0.744769 0.121865 0.656101 0.000000  
0.641053 -0.403798 -0.652686 0.000000  
0.190509 0.931718 -0.389314 0.000000  
-1.317224 1.618266 3.058861 1.000000  
0.815129 0.070489 0.574976 0.000000  
0.559260 -0.354452 -0.749395 0.000000  
0.155144 0.958146 -0.337407 0.000000  
-0.760066 1.246095 3.054433 1.000000  
0.783124 0.315866 0.535672 0.000000  
0.621730 -0.415628 -0.663856 0.000000  
0.013308 0.876464 -0.536274 0.000000  
-0.744984 0.651100 3.035342 1.000000  
0.828893 0.336358 0.446989 0.000000  
0.344888 0.321841 -0.881743 0.000000  
-0.452596 0.909456 0.154927 0.000000  
0.242441 0.073411 2.015058 1.000000  
0.903289 -0.001055 0.429031 0.000000  
0.429032 0.000811 -0.903289 0.000000  
0.000621 1.027596 0.001218 0.000000  
0.102003 0.667727 2.049826 1.000000  
0.968992 -0.000872 0.247092 0.000000  
0.247093 0.001010 -0.968991 0.000000  
0.000612 1.027596 0.001227 0.000000  
0.088703 0.667483 2.253340 1.000000  
-0.168788 -0.001077 0.985652 0.000000  
0.000595 0.999999 0.001194 0.000000  
0.985653 -0.000788 0.168788 0.000000  
1.097019 0.097659 2.482781 1.000000  
0.698142 -0.183048 0.692165 0.000000  
0.559759 -0.463219 -0.687094 0.000000  
0.458714 0.891065 -0.227027 0.000000  
-2.285484 0.688429 1.729778 1.000000  
0.604091 -0.217482 0.766665 0.000000  
0.746460 0.491298 -0.448803 0.000000  
-0.286755 0.866678 0.471801 0.000000  
-1.150936 0.054707 0.373868 1.000000  
0.674965 0.008060 0.737806 0.000000  
0.735527 0.071928 -0.673666 0.000000  
-0.060113 1.024902 0.043797 0.000000  
-1.072322 0.622390 0.531183 1.000000  
0.674965 0.008060 0.737806 0.000000  
0.735527 0.071928 -0.673666 0.000000  
-0.060113 1.024902 0.043797 0.000000  
-1.072322 0.622390 0.531183 1.000000  
-0.787161 -0.072342 0.612490 0.000000  
-0.058499 0.997377 0.042621 0.000000  
-0.613967 -0.002281 -0.789329 0.000000  
-1.717820 0.048485 -0.273821 1.000000  
0.621397 0.005408 0.783477 0.000000  
0.779490 -0.105259 -0.617508 0.000000  
0.081313 1.021873 -0.071544 0.000000  
-1.032255 0.051417 1.172634 1.000000  
1.000000 0.000000 0.000000 0.000000  
0.000000 1.000000 0.000000 0.000000  
0.000000 0.000000 1.000000 0.000000  
0.000000 0.000000 0.000000 1.000000  
1.000000 0.000000 0.000000 0.000000  
0.000000 0.000000 -1.000000 0.000000  
0.000000 1.027597 0.000000 0.000000  
0.000006 0.671671 0.968041 1.000000  
-0.825459 -0.000801 0.564461 0.000000  
0.564462 -0.002245 0.825456 0.000000  
0.000606 0.999997 0.002305 0.000000  
-0.232916 3.911780 0.580300 1.000000  
1.000000 -0.000040 -0.000000 0.000000  
-0.000000 -0.000010 -1.000000 0.000000  
0.000040 1.000000 -0.000010 0.000000  
-0.232909 0.049623 0.580318 1.000000  
0.564460 -0.002243 0.825457 0.000000  
0.825460 0.000802 -0.564460 0.000000  
0.000621 1.027594 0.002368 0.000000  
-0.681690 0.044425 0.876675 1.000000  
0.514243 -0.322701 0.794619 0.000000  
0.845521 0.345993 -0.406674 0.000000  
-0.147664 0.905308 0.463215 0.000000  
-0.060741 0.397385 -1.159712 1.000000  
0.290416 -0.333288 0.896983 0.000000  
0.910029 0.385977 -0.151223 0.000000  
-0.303978 0.883937 0.426860 0.000000  
0.703666 0.487346 -1.094183 1.000000  
0.290416 -0.333288 0.896983 0.000000  
0.910029 0.385977 -0.151223 0.000000  
-0.303978 0.883937 0.426860 0.000000  
0.703665 0.487346 -1.094183 1.000000  
0.880901 0.018369 0.472944 0.000000  
0.453564 0.252783 -0.854623 0.000000  
-0.138983 0.994045 0.220261 0.000000  
-0.108238 -0.154394 0.665612 1.000000  
-0.154353 0.955765 0.250375 0.000000  
-0.447426 -0.293556 0.844769 0.000000  
0.880901 0.018368 0.472945 0.000000  
-1.162707 9.031224 2.272888 1.000000  
0.350652 0.146745 0.924937 0.000000  
0.807181 0.453444 -0.377951 0.000000  
-0.487975 0.903383 0.041671 0.000000  
1.887470 0.231984 1.410338 1.000000  
-0.833259 -0.394308 0.387558 0.000000  
0.503546 -0.251784 0.826466 0.000000  
-0.234602 0.908204 0.419623 0.000000  
1.290433 0.955473 -1.221479 1.000000  
-0.999072 0.041328 0.012115 0.000000  
-0.026274 -0.807777 0.588902 0.000000  
0.035066 0.604266 0.830415 0.000000  
0.568625 2.244009 -2.555624 1.000000  
-0.996886 0.008908 0.078356 0.000000  
0.077144 -0.096016 0.992386 0.000000  
0.016815 1.022809 0.097652 0.000000  
0.588812 0.125821 0.267210 1.000000  
-0.968395 -0.153686 0.196446 0.000000  
0.153597 0.253092 0.955172 0.000000  
-0.201939 0.981517 -0.227599 0.000000  
1.420341 0.585605 1.367030 1.000000  
-0.839681 0.197418 0.505927 0.000000  
0.525750 0.528953 0.666180 0.000000  
-0.139852 0.848148 -0.563066 0.000000  
0.773313 0.146853 1.934907 1.000000  
-0.690465 -0.563062 0.454113 0.000000  
0.060242 0.580838 0.811787 0.000000  
-0.720853 0.587868 -0.367129 0.000000  
-2.085318 4.064416 1.194501 1.000000  
-0.912941 -0.406410 0.037008 0.000000  
0.044477 -0.008943 0.998971 0.000000  
-0.416856 0.938861 0.026965 0.000000  
2.147770 1.623951 0.673866 1.000000  
0.159385 -0.980834 0.112079 0.000000  
-0.206815 0.077837 0.975279 0.000000  
-0.991950 -0.183554 -0.195701 0.000000  
1.273156 7.842428 1.345830 1.000000  
0.808595 -0.587204 0.036964 0.000000  
0.572449 0.799680 0.181147 0.000000  
-0.135930 -0.125315 0.982761 0.000000  
-2.091764 4.034450 1.109795 1.000000  
-0.827724 -0.561134 0.001167 0.000000  
-0.028088 0.043509 0.998658 0.000000  
-0.575898 0.849392 -0.053203 0.000000  
2.580886 2.419685 1.106310 1.000000  
0.265248 -0.964077 -0.014110 0.000000  
-0.055849 -0.029972 0.997989 0.000000  
-0.989126 -0.271210 -0.063498 0.000000  
0.902174 8.154171 1.194358 1.000000  
0.883229 -0.468729 -0.014152 0.000000  
0.468850 0.883252 0.006780 0.000000  
0.009322 -0.012623 0.999877 0.000000  
-2.117740 4.038476 1.344220 1.000000  
-0.133657 -0.202021 0.970218 0.000000  
0.981524 -0.162246 0.101431 0.000000  
0.140701 0.992503 0.226045 0.000000  
-1.814872 0.253574 -0.016254 1.000000  
0.307726 -0.409755 0.858723 0.000000  
0.912419 0.383009 -0.144209 0.000000  
-0.277254 0.850739 0.505301 0.000000  
0.540901 0.678630 -1.589625 1.000000  
0.533553 0.485875 0.692276 0.000000  
0.756108 0.092744 -0.647843 0.000000  
-0.389434 0.893078 -0.326663 0.000000  
1.449349 1.160154 3.600184 1.000000  
0.888301 0.269144 0.372132 0.000000  
0.459065 -0.544027 -0.702349 0.000000  
0.013786 0.816663 -0.623561 0.000000  
0.166103 1.688828 4.657603 1.000000  
0.039459 0.938567 -0.342833 0.000000  
0.471606 0.284988 0.834487 0.000000  
0.905237 -0.199981 -0.443294 0.000000  
-5.814722 7.335061 1.311285 1.000000  
0.270939 0.859418 -0.433582 0.000000  
