2000
57 
1.000000 0.000000 0.000000 0.000000  
0.000000 1.000000 0.000000 0.000000  
0.000000 0.000000 1.000000 0.000000  
0.000000 0.000000 0.000000 1.000000  
1.000000 0.000000 0.000000 0.000000  
0.000000 0.000000 -1.000000 0.000000  
0.000000 1.027597 0.000000 0.000000  
0.000006 0.671671 0.968041 1.000000  
-0.543548 -0.000000 0.839378 0.000000  
0.839378 -0.000000 0.543548 0.000000  
0.000000 1.000000 0.000000 0.000000  
-0.440893 3.790957 0.427202 1.000000  
1.000000 0.000000 -0.000000 0.000000  
-0.000000 0.000000 -1.000000 0.000000  
0.000000 1.000000 0.000000 0.000000  
-0.440893 0.049623 0.427202 1.000000  
0.839378 0.000001 0.543549 0.000000  
0.543549 0.000001 -0.839378 0.000000  
-0.000002 1.027597 0.000000 0.000000  
-0.734854 -0.075975 0.881172 1.000000  
0.773556 -0.341107 0.534096 0.000000  
0.631980 0.352652 -0.690100 0.000000  
0.048346 0.895416 0.501846 0.000000  
-0.983292 0.315458 -1.325464 1.000000  
0.592752 -0.335226 0.732303 0.000000  
0.797684 0.369800 -0.476390 0.000000  
-0.114174 0.890442 0.500034 0.000000  
-0.234584 0.332735 -1.416027 1.000000  
0.592752 -0.335226 0.732303 0.000000  
0.797684 0.369800 -0.476390 0.000000  
-0.114174 0.890442 0.500034 0.000000  
-0.234584 0.332735 -1.416026 1.000000  
0.999882 0.015211 0.001901 0.000000  
-0.001767 0.237530 -0.971378 0.000000  
-0.015647 0.998065 0.244084 0.000000  
-0.412300 -0.293312 0.544715 1.000000  
-0.015139 0.960321 0.278486 0.000000  
0.002409 -0.278482 0.960438 0.000000  
0.999882 0.015211 0.001902 0.000000  
-0.555859 8.921806 2.314400 1.000000  
0.666112 0.143793 0.731859 0.000000  
0.620201 0.438265 -0.650595 0.000000  
-0.425733 0.911756 0.208348 0.000000  
1.777599 0.065462 0.486316 1.000000  
-0.735113 -0.326343 0.594229 0.000000  
0.673217 -0.248067 0.696593 0.000000  
-0.082125 0.937292 0.413153 0.000000  
0.568491 0.608478 -1.440563 1.000000  
-0.963682 0.095045 0.249566 0.000000  
0.085444 -0.775660 0.625340 0.000000  
0.259996 0.641173 0.759773 0.000000  
-0.382013 1.858057 -2.619514 1.000000  
-0.906175 0.365574 0.212609 0.000000  
0.267793 0.106926 0.957525 0.000000  
0.336345 0.950137 -0.200167 0.000000  
-0.951675 -0.615737 1.485138 1.000000  
-0.900504 0.233649 0.366744 0.000000  
0.432381 0.391406 0.812310 0.000000  
0.047526 0.914625 -0.466003 0.000000  
0.203778 -0.234569 2.280175 1.000000  
-0.608460 0.579311 0.542379 0.000000  
0.793531 0.452089 0.407338 0.000000  
-0.009483 0.696960 -0.755058 0.000000  
-0.397407 -0.288186 3.034717 1.000000  
-0.703548 -0.177662 0.688081 0.000000  
0.408939 0.690656 0.596459 0.000000  
-0.581195 0.701021 -0.413257 0.000000  
-2.077410 4.099852 1.624057 1.000000  
-0.958772 -0.051572 0.279457 0.000000  
0.264345 0.199056 0.943662 0.000000  
-0.107172 1.005638 -0.182107 0.000000  
1.026473 0.311345 1.225216 1.000000  
-0.112966 -0.925205 0.362264 0.000000  
0.050792 0.358743 0.932053 0.000000  
-1.019684 0.127103 0.006646 0.000000  
2.181214 6.438575 0.220455 1.000000  
0.588365 -0.803841 0.087552 0.000000  
0.806437 0.575439 -0.136122 0.000000  
0.059040 0.150694 0.986816 0.000000  
-2.111282 4.055825 1.553142 1.000000  
-0.932849 -0.229924 0.277357 0.000000  
0.212152 0.271640 0.938724 0.000000  
-0.299212 0.960321 -0.210267 0.000000  
1.759022 0.986644 1.348223 1.000000  
-0.038187 -0.974099 0.222875 0.000000  
0.164744 0.213849 0.962875 0.000000  
-1.012796 0.075515 0.156514 0.000000  
1.893255 6.816093 0.040696 1.000000  
0.680777 -0.732472 -0.005107 0.000000  
0.695177 0.648280 -0.310582 0.000000  
0.230804 0.207887 0.950533 0.000000  
-2.081302 4.120550 1.777993 1.000000  
0.092080 -0.153538 0.983843 0.000000  
0.968023 -0.217741 -0.124580 0.000000  
0.239790 0.990454 0.132128 0.000000  
-2.189998 0.147981 0.500269 1.000000  
0.593778 -0.412106 0.691083 0.000000  
0.802424 0.366815 -0.470703 0.000000  
-0.061163 0.857053 0.563627 0.000000  
-0.564071 0.525127 -1.819716 1.000000  
0.772734 0.413311 0.481723 0.000000  
0.479747 0.116618 -0.869622 0.000000  
-0.427071 0.928014 -0.111155 0.000000  
1.937022 0.766773 2.336918 1.000000  
0.963822 0.250440 0.091254 0.000000  
0.197092 -0.439125 -0.876541 0.000000  
-0.184401 0.886626 -0.485640 0.000000  
1.207521 1.139968 3.645199 1.000000  
0.152218 0.909103 -0.387763 0.000000  
0.467032 0.279607 0.838868 0.000000  
0.895078 -0.317311 -0.392562 0.000000  
-5.636583 7.634428 1.165583 1.000000  
0.377255 0.801387 -0.464174 0.000000  
0.619978 0.153790 0.769399 0.000000  
0.706958 -0.593990 -0.450935 0.000000  
-4.334569 8.583549 1.247634 1.000000  
-0.415072 0.714649 -0.563021 0.000000  
0.875138 0.482789 -0.032362 0.000000  
0.255555 -0.520122 -0.848599 0.000000  
-4.665681 8.007223 2.701697 1.000000  
-0.177805 -0.358468 0.916453 0.000000  
0.973498 0.072043 0.217052 0.000000  
0.143830 -0.930758 -0.336158 0.000000  
-2.435517 4.004637 0.948709 1.000000  
0.720950 0.378660 -0.580384 0.000000  
0.573548 0.144008 0.806414 0.000000  
0.399670 -0.939495 -0.116486 0.000000  
-2.013264 8.734456 -0.508965 1.000000  
0.487447 -0.794399 -0.362389 0.000000  
0.484697 -0.099035 0.869057 0.000000  
-0.746310 -0.615807 0.346062 0.000000  
1.899293 3.947768 -1.720480 1.000000  
0.064498 0.989840 -0.126713 0.000000  
0.916502 -0.108991 -0.384894 0.000000  
0.394794 0.091308 0.914221 0.000000  
-2.450646 4.069920 0.914335 1.000000  
0.898702 0.236719 -0.369187 0.000000  
0.377060 0.012843 0.926100 0.000000  
0.230147 -0.998304 -0.079860 0.000000  
-0.711143 8.609595 -0.103963 1.000000  
0.829492 -0.482182 -0.281855 0.000000  
0.331510 0.018919 0.943262 0.000000  
-0.461897 -0.900038 0.180386 0.000000  
1.858525 6.018231 -0.882985 1.000000  
-0.259571 0.965527 0.019486 0.000000  
0.895867 0.248280 -0.368482 0.000000  
0.360618 0.078191 0.929430 0.000000  
-2.410901 4.063251 1.124845 1.000000  
0.707077 0.525239 -0.473460 0.000000  
-0.574091 0.817304 0.049326 0.000000  
0.424263 0.243471 0.903703 0.000000  
-0.702025 4.665272 -10.476320 1.000000  
0.999999 0.000000 -0.000000 0.000000  
-0.000001 0.000001 -0.999999 0.000000  
-0.000000 1.000000 0.000001 0.000000  
-6.316332 3.388425 -10.077889 1.000000  
0.735230 -0.053409 0.675710 0.000000  
0.658328 0.293599 -0.693111 0.000000  
-0.165822 0.980775 0.257951 0.000000  
0.195266 0.067131 0.204059 1.000000  
0.682703 -0.466796 0.562155 0.000000  
0.679220 0.121762 -0.723764 0.000000  
0.276836 0.900116 0.411228 0.000000  
-2.236831 0.609390 -0.651629 1.000000  
0.418023 -0.601215 0.681026 0.000000  
0.573948 -0.406304 -0.710985 0.000000  
0.723592 0.707072 0.180057 0.000000  
-3.584157 2.631766 0.150229 1.000000  
0.414256 -0.234913 0.879322 0.000000  
0.741244 -0.473552 -0.475716 0.000000  
0.542733 0.872287 -0.022652 0.000000  
-3.623128 1.520968 -0.533273 1.000000  
0.824818 -0.114557 0.553671 0.000000  
0.564568 0.113840 -0.817498 0.000000  
0.031465 1.014107 0.162948 0.000000  
-0.824497 -0.111641 0.807513 1.000000  
0.860174 0.173465 0.479594 0.000000  
0.507316 -0.387400 -0.769774 0.000000  
0.053708 0.930433 -0.432858 0.000000  
-0.761368 1.585980 3.128884 1.000000  
0.889796 0.203512 0.408469 0.000000  
0.454547 -0.315515 -0.832969 0.000000  
-0.041763 0.952418 -0.383551 0.000000  
-0.221731 1.337819 3.037781 1.000000  
0.897867 0.325844 0.296076 0.000000  
0.437947 -0.592068 -0.676504 0.000000  
-0.046383 0.757417 -0.692910 0.000000  
-0.531934 1.100887 3.522124 1.000000  
0.925046 0.326226 0.194591 0.000000  
0.155305 0.142692 -0.977507 0.000000  
-0.356221 0.960249 0.083577 0.000000  
0.194425 0.236544 2.415723 1.000000  
0.982720 -0.000001 0.185099 0.000000  
0.185099 0.000003 -0.982720 0.000000  
0.000001 1.027597 0.000003 0.000000  
0.115012 0.671665 2.428961 1.000000  
0.982720 -0.000001 0.185099 0.000000  
0.185099 0.000003 -0.982720 0.000000  
0.000001 1.027597 0.000003 0.000000  
0.115012 0.671665 2.428961 1.000000  
-0.105895 -0.000003 0.994377 0.000000  
0.000001 1.000000 0.000003 0.000000  
0.994377 -0.000001 0.105895 0.000000  
1.136237 0.102715 2.594604 1.000000  
0.859830 -0.184070 0.476246 0.000000  
0.368676 -0.421469 -0.828518 0.000000  
0.362976 0.912471 -0.302657 0.000000  
-1.996145 0.494782 1.981162 1.000000  
0.785659 -0.229571 0.574489 0.000000  
0.585474 0.575949 -0.570527 0.000000  
-0.205417 0.806241 0.603105 0.000000  
-1.183751 -0.030228 0.259722 1.000000  
0.860412 -0.000002 0.509599 0.000000  
0.509599 0.000001 -0.860412 0.000000  
0.000001 1.027597 0.000002 0.000000  
-1.047497 0.671673 0.435497 1.000000  
0.860412 -0.000002 0.509599 0.000000  
0.509599 0.000001 -0.860412 0.000000  
0.000001 1.027597 0.000002 0.000000  
-1.047497 0.671673 0.435497 1.000000  
-0.576791 -0.000001 0.816892 0.000000  
0.000001 1.000000 0.000002 0.000000  
-0.816892 0.000002 -0.576791 0.000000  
-1.924006 0.102726 -0.114137 1.000000  
0.828484 0.006734 0.559973 0.000000  
0.557433 -0.105792 -0.823454 0.000000  
0.055178 1.021807 -0.093923 0.000000  
-0.959022 -0.037379 1.257027 1.000000  
1.000000 0.000000 0.000000 0.000000  
0.000000 1.000000 0.000000 0.000000  
0.000000 0.000000 1.000000 0.000000  
0.000000 0.000000 0.000000 1.000000  
1.000000 0.000000 0.000000 0.000000  
0.000000 0.000000 -1.000000 0.000000  
0.000000 1.027597 0.000000 0.000000  
0.000006 0.671671 0.968041 1.000000  
-0.545497 -0.000000 0.838113 0.000000  
0.838113 -0.000000 0.545497 0.000000  
0.000000 1.000000 0.000000 0.000000  
-0.441124 3.790171 0.427175 1.000000  
1.000000 -0.000000 -0.000000 0.000000  
-0.000000 0.000000 -1.000000 0.000000  
-0.000000 1.000000 0.000000 0.000000  
-0.441124 0.049623 0.427175 1.000000  
0.838112 0.000001 0.545498 0.000000  
0.545498 0.000001 -0.838112 0.000000  
-0.000002 1.027597 0.000000 0.000000  
-0.736139 -0.076761 0.880461 1.000000  
0.772313 -0.341107 0.535891 0.000000  
0.633575 0.352523 -0.688702 0.000000  
0.047276 0.895469 0.501852 0.000000  
-0.979856 0.314507 -1.326267 1.000000  
0.588418 -0.336253 0.735322 0.000000  
0.800704 0.368767 -0.472106 0.000000  
-0.115518 0.890486 0.499646 0.000000  
-0.230419 0.332253 -1.416175 1.000000  
0.588418 -0.336253 0.735322 0.000000  
0.800704 0.368767 -0.472106 0.000000  
-0.115518 0.890486 0.499646 0.000000  
-0.230419 0.332253 -1.416175 1.000000  
0.999874 0.015608 0.002948 0.000000  
-0.000824 0.236305 -0.971678 0.000000  
-0.016301 0.998366 0.242809 0.000000  
-0.411440 -0.295356 0.553037 1.000000  
-0.015814 0.960665 0.277259 0.000000  
0.001494 -0.277271 0.960790 0.000000  
0.999874 0.015608 0.002949 0.000000  
-0.560512 8.921926 2.310952 1.000000  
0.662467 0.142661 0.735380 0.000000  
0.624237 0.437527 -0.647223 0.000000  
-0.425510 0.912317 0.206335 0.000000  
1.771364 0.061635 0.496638 1.000000  
-0.736104 -0.328914 0.591579 0.000000  
0.671627 -0.246378 0.698724 0.000000  
-0.086388 0.936813 0.413369 0.000000  
0.590811 0.610410 -1.439020 1.000000  
-0.964939 0.095677 0.244416 0.000000  
0.080779 -0.777749 0.623362 0.000000  
0.256627 0.638395 0.763250 0.000000  
-0.361543 1.869560 -2.627643 1.000000  
-0.905963 0.366766 0.211458 0.000000  
0.265935 0.104378 0.958323 0.000000  
0.338499 0.949951 -0.197400 0.000000  
-0.960373 -0.616678 1.468828 1.000000  
-0.900861 0.234500 0.365320 0.000000  
0.431351 0.388870 0.814074 0.000000  
0.050186 0.915537 -0.463929 0.000000  
0.194065 -0.239326 2.267152 1.000000  
-0.608567 0.579251 0.542323 0.000000  
0.793476 0.449766 0.410006 0.000000  
-0.006599 0.698598 -0.753573 0.000000  
-0.408831 -0.293470 3.020290 1.000000  
-0.705342 -0.177859 0.686191 0.000000  
0.408915 0.688626 0.598818 0.000000  
-0.579034 0.702965 -0.412988 0.000000  
-2.077832 4.100644 1.615498 1.000000  
-0.959461 -0.050426 0.277295 0.000000  
0.262685 0.196544 0.944652 0.000000  
-0.104954 1.006221 -0.180169 0.000000  
1.020008 0.307355 1.215133 1.000000  
-0.115422 -0.925774 0.360027 0.000000  
0.049448 0.356645 0.932930 0.000000  
-1.019464 0.128946 0.004740 0.000000  
2.188032 6.434617 0.226045 1.000000  
0.586714 -0.805098 0.087077 0.000000  
0.807771 0.574260 -0.133158 0.000000  
0.057200 0.148464 0.987262 0.000000  
-2.111632 4.056832 1.544417 1.000000  
-0.933857 -0.228819 0.274867 0.000000  
0.210634 0.269234 0.939759 0.000000  
-0.297015 0.961314 -0.208837 0.000000  
1.753518 0.981053 1.341161 1.000000  
-0.040435 -0.974504 0.220694 0.000000  
0.163070 0.211477 0.963683 0.000000  
-1.012990 0.077023 0.154511 0.000000  
1.901145 6.813046 0.046485 1.000000  
0.679454 -0.733699 -0.005230 0.000000  
0.697018 0.647679 -0.307698 0.000000  
0.229145 0.205421 0.951470 0.000000  
-2.082016 4.121018 1.769470 1.000000  
0.089960 -0.148192 0.984858 0.000000  
0.969244 -0.214418 -0.120798 0.000000  
0.235394 0.992078 0.127777 0.000000  
-2.167780 0.129875 0.526378 1.000000  
0.589567 -0.411923 0.694788 0.000000  
0.805335 0.365825 -0.466483 0.000000  
-0.063727 0.857592 0.562522 0.000000  
-0.552292 0.521809 -1.815265 1.000000  
0.770562 0.412398 0.485965 0.000000  
0.482955 0.119756 -0.867417 0.000000  
-0.427396 0.928021 -0.109840 0.000000  
1.936456 0.763563 2.328329 1.000000  
0.964082 0.248790 0.092999 0.000000  
0.198009 -0.439866 -0.875962 0.000000  
-0.181909 0.886729 -0.486392 0.000000  
1.198078 1.138021 3.644485 1.000000  
0.154734 0.909661 -0.385453 0.000000  
0.465769 0.276905 0.840465 0.000000  
0.895317 -0.318125 -0.391355 0.000000  
-5.629519 7.642928 1.157179 1.000000  
0.379732 0.801691 -0.461622 0.000000  
0.618628 0.150954 0.771046 0.000000  
0.706807 -0.594324 -0.450731 0.000000  
-4.325916 8.589437 1.244063 1.000000  
-0.412543 0.716648 -0.562338 0.000000  
0.876102 0.481224 -0.029452 0.000000  
0.256389 -0.518748 -0.849189 0.000000  
-4.661190 8.010562 2.696159 1.000000  
-0.180419 -0.360132 0.915289 0.000000  
0.973167 0.069752 0.219272 0.000000  
0.142811 -0.930290 -0.337884 0.000000  
-2.434764 4.007648 0.939168 1.000000  
0.722886 0.378578 -0.578026 0.000000  
0.572101 0.141179 0.807941 0.000000  
0.398166 -0.939983 -0.117689 0.000000  
-2.000607 8.739838 -0.507276 1.000000  
0.486735 -0.794516 -0.363088 0.000000  
0.482664 -0.101833 0.869865 0.000000  
-0.748189 -0.615165 0.343133 0.000000  
1.905594 3.948505 -1.720940 1.000000  
0.066610 0.989992 -0.124414 0.000000  
0.917114 -0.109862 -0.383187 0.000000  
0.393020 0.088578 0.915253 0.000000  
-2.449699 4.073035 0.904905 1.000000  
0.899923 0.235844 -0.366763 0.000000  
0.375114 0.010121 0.926923 0.000000  
0.228457 -0.998555 -0.081551 0.000000  
-0.699585 8.611664 -0.099787 1.000000  
0.829190 -0.483115 -0.281147 0.000000  
0.329540 0.016244 0.944002 0.000000  
-0.463954 -0.899565 0.177440 0.000000  
1.866901 6.017210 -0.879014 1.000000  
-0.257813 0.965965 0.021043 0.000000  
0.897108 0.247410 -0.366039 0.000000  
0.358787 0.075492 0.930361 0.000000  
-2.410414 4.065833 1.115484 1.000000  
0.709059 0.524949 -0.470811 0.000000  
-0.572671 0.818265 0.049893 0.000000  
0.422794 0.240708 0.905130 0.000000  
-0.675776 4.689946 -10.480689 1.000000  
0.999995 -0.001867 0.002120 0.000000  
0.002124 0.002181 -0.999995 0.000000  
0.001862 0.999996 0.002185 0.000000  
-6.293280 3.422712 -10.096947 1.000000  
0.733833 -0.061427 0.676547 0.000000  
0.660684 0.296260 -0.689729 0.000000  
-0.162427 0.979434 0.265109 0.000000  
0.172357 0.066624 0.156313 1.000000  
0.680252 -0.466814 0.565103 0.000000  
0.682638 0.122695 -0.720383 0.000000  
0.274317 0.899972 0.413226 0.000000  
-2.226423 0.607719 -0.663827 1.000000  
0.414676 -0.606981 0.677951 0.000000  
0.574961 -0.402694 -0.712220 0.000000  
0.724776 0.704044 0.187026 0.000000  
-3.583465 2.643958 0.133628 1.000000  
0.407203 -0.252429 0.877761 0.000000  
0.732445 -0.483878 -0.478944 0.000000  
0.560686 0.861064 -0.012482 0.000000  
-3.629404 1.633985 -0.555963 1.000000  
0.821566 -0.114550 0.558487 0.000000  
0.569406 0.116075 -0.813820 0.000000  
0.029180 1.013841 0.165020 0.000000  
-0.816017 -0.112770 0.793930 1.000000  
0.860329 0.164770 0.482374 0.000000  
0.506317 -0.385709 -0.771279 0.000000  
0.060599 0.932841 -0.426723 0.000000  
-0.775760 1.564015 3.105975 1.000000  
0.895429 0.184279 0.405277 0.000000  
0.444627 -0.323743 -0.835163 0.000000  
-0.023324 0.953637 -0.382086 0.000000  
-0.226483 1.329674 3.017306 1.000000  
0.897057 0.326424 0.297885 0.000000  
0.439665 -0.591335 -0.676030 0.000000  
-0.045751 0.757758 -0.692579 0.000000  
-0.535697 1.098137 3.520665 1.000000  
0.924427 0.326923 0.196355 0.000000  
0.156586 0.144088 -0.977098 0.000000  
-0.357325 0.959778 0.084270 0.000000  
0.193919 0.234705 2.413694 1.000000  
0.982737 0.000090 0.185010 0.000000  
0.185010 0.000146 -0.982737 0.000000  
-0.000119 1.027597 0.000131 0.000000  
0.115033 0.671455 2.429082 1.000000  
0.982720 -0.000003 0.185099 0.000000  
0.185099 0.000004 -0.982720 0.000000  
0.000002 1.027597 0.000005 0.000000  
0.115090 0.671591 2.428917 1.000000  
-0.105894 -0.000004 0.994377 0.000000  
0.000002 1.000000 0.000005 0.000000  
0.994377 -0.000003 0.105894 0.000000  
1.136314 0.102639 2.594558 1.000000  
0.858771 -0.184447 0.478008 0.000000  
0.369792 -0.422625 -0.827431 0.000000  
0.364422 0.911825 -0.302865 0.000000  
-2.002320 0.496865 1.981237 1.000000  
0.784316 -0.229868 0.576203 0.000000  
0.586990 0.575515 -0.569407 0.000000  
-0.206265 0.806479 0.602497 0.000000  
-1.186311 -0.030156 0.260454 1.000000  
0.860412 -0.000002 0.509599 0.000000  
0.509599 0.000001 -0.860412 0.000000  
0.000001 1.027597 0.000002 0.000000  
-1.047491 0.671670 0.435500 1.000000  
0.860412 -0.000002 0.509599 0.000000  
0.509599 0.000001 -0.860412 0.000000  
0.000001 1.027597 0.000002 0.000000  
-1.047491 0.671670 0.435500 1.000000  
-0.576791 -0.000001 0.816892 0.000000  
0.000001 1.000000 0.000002 0.000000  
-0.816892 0.000002 -0.576791 0.000000  
-1.924000 0.102723 -0.114134 1.000000  
0.827442 0.008626 0.561484 0.000000  
0.558992 -0.107988 -0.822111 0.000000  
0.055020 1.021549 -0.096774 0.000000  
-0.959718 -0.037828 1.268348 1.000000  
1.000000 0.000000 0.000000 0.000000  
0.000000 1.000000 0.000000 0.000000  
0.000000 0.000000 1.000000 0.000000  
0.000000 0.000000 0.000000 1.000000  
1.000000 0.000000 0.000000 0.000000  
0.000000 0.000000 -1.000000 0.000000  
0.000000 1.027597 0.000000 0.000000  
0.000006 0.671671 0.968041 1.000000  
-0.547446 -0.000000 0.836841 0.000000  
0.836841 -0.000000 0.547446 0.000000  
0.000000 1.000000 0.000000 0.000000  
-0.441414 3.789422 0.427103 1.000000  
1.000000 0.000000 -0.000000 0.000000  
-0.000000 0.000000 -1.000000 0.000000  
0.000000 1.000000 0.000000 0.000000  
-0.441414 0.049623 0.427103 1.000000  
0.836841 0.000001 0.547447 0.000000  
0.547447 0.000001 -0.836841 0.000000  
-0.000002 1.027597 0.000000 0.000000  
-0.737482 -0.077510 0.879701 1.000000  
0.771063 -0.341107 0.537687 0.000000  
0.635170 0.352402 -0.687294 0.000000  
0.046199 0.895520 0.501863 0.000000  
-0.976447 0.313602 -1.327137 1.000000  
0.584050 -0.337272 0.738331 0.000000  
0.803713 0.367704 -0.467802 0.000000  
-0.116849 0.890543 0.499236 0.000000  
-0.226380 0.331755 -1.416258 1.000000  
0.584050 -0.337272 0.738331 0.000000  
0.803713 0.367704 -0.467801 0.000000  
-0.116849 0.890543 0.499236 0.000000  
-0.226380 0.331755 -1.416258 1.000000  
0.999864 0.015992 0.003995 0.000000  
0.000124 0.235083 -0.971975 0.000000  
-0.016938 0.998664 0.241536 0.000000  
-0.410728 -0.297339 0.561272 1.000000  
-0.016474 0.961007 0.276034 0.000000  
0.000574 -0.276062 0.961140 0.000000  
0.999864 0.015992 0.003997 0.000000  
-0.565171 8.922091 2.307435 1.000000  
0.658796 0.141533 0.738889 0.000000  
0.628271 0.436760 -0.643829 0.000000  
-0.425261 0.912891 0.204302 0.000000  
1.764913 0.057796 0.507002 1.000000  
-0.737084 -0.331495 0.588913 0.000000  
0.670018 -0.244701 0.700855 0.000000  
-0.090657 0.936317 0.413580 0.000000  
0.613099 0.612506 -1.437503 1.000000  
-0.966166 0.096310 0.239264 0.000000  
0.076130 -0.779846 0.621325 0.000000  
0.253229 0.635588 0.766720 0.000000  
-0.341037 1.881265 -2.635770 1.000000  
-0.905747 0.367948 0.210325 0.000000  
0.264074 0.101804 0.959114 0.000000  
0.340641 0.949763 -0.194601 0.000000  
-0.969038 -0.617498 1.452273 1.000000  
-0.901214 0.235338 0.363908 0.000000  
0.430313 0.386309 0.815841 0.000000  
0.052836 0.916454 -0.461819 0.000000  
0.184373 -0.243987 2.253884 1.000000  
-0.608675 0.579171 0.542288 0.000000  
0.793411 0.447429 0.412681 0.000000  
-0.003722 0.700252 -0.752057 0.000000  
-0.420231 -0.298679 3.005613 1.000000  
-0.707129 -0.178074 0.684294 0.000000  
0.408880 0.686575 0.601193 0.000000  
-0.576875 0.704915 -0.412686 0.000000  
-2.078260 4.101514 1.606867 1.000000  
-0.960141 -0.049288 0.275135 0.000000  
0.261020 0.194006 0.945638 0.000000  
-0.102746 1.006800 -0.178193 0.000000  
1.013552 0.303488 1.204826 1.000000  
-0.117869 -0.926346 0.357756 0.000000  
0.048098 0.354519 0.933811 0.000000  
-1.019236 0.130787 0.002845 0.000000  
2.194785 6.430761 0.231627 1.000000  
0.585067 -0.806351 0.086570 0.000000  
0.809093 0.573081 -0.130178 0.000000  
0.055357 0.146206 0.987704 0.000000  
-2.111988 4.057918 1.535618 1.000000  
-0.934856 -0.227722 0.272372 0.000000  
0.209111 0.266800 0.940792 0.000000  
-0.294826 0.962305 -0.207369 0.000000  
1.748011 0.975576 1.333891 1.000000  
-0.042671 -0.974908 0.218477 0.000000  
0.161391 0.209078 0.964489 0.000000  
-1.013177 0.078526 0.152516 0.000000  
1.908968 6.810102 0.052282 1.000000  
0.678134 -0.734918 -0.005383 0.000000  
0.698846 0.647082 -0.304793 0.000000  
0.227481 0.202929 0.952403 0.000000  
-2.082737 4.121560 1.760874 1.000000  
0.087811 -0.142864 0.985839 0.000000  
0.970431 -0.211110 -0.117032 0.000000  
0.231045 0.993651 0.123417 0.000000  
-2.145884 0.112146 0.552514 1.000000  
0.585316 -0.411733 0.698485 0.000000  
0.808236 0.364808 -0.462244 0.000000  
-0.066271 0.858146 0.561382 0.000000  
-0.540684 0.518455 -1.810672 1.000000  
0.768344 0.411522 0.490202 0.000000  
0.486159 0.122904 -0.865184 0.000000  
-0.427779 0.927998 -0.108548 0.000000  
1.936176 0.760591 2.319800 1.000000  
0.964321 0.247196 0.094762 0.000000  
0.198964 -0.440593 -0.875380 0.000000  
-0.179459 0.886818 -0.487139 0.000000  
1.188849 1.136251 3.643745 1.000000  
0.157198 0.910217 -0.383136 0.000000  
0.464466 0.274233 0.842062 0.000000  
0.895579 -0.318889 -0.390133 0.000000  
-5.622554 7.651182 1.148683 1.000000  
0.382164 0.802008 -0.459059 0.000000  
0.617246 0.148157 0.772695 0.000000  
0.706699 -0.594617 -0.450515 0.000000  
-4.317437 8.595144 1.240419 1.000000  
-0.410046 0.718615 -0.561654 0.000000  
0.877029 0.479704 -0.026529 0.000000  
0.257272 -0.517360 -0.849769 0.000000  
-4.656863 8.013716 2.690529 1.000000  
-0.183027 -0.361798 0.914113 0.000000  
0.972819 0.067517 0.221504 0.000000  
0.141858 -0.929809 -0.339607 0.000000  
-2.433893 4.010620 0.929572 1.000000  
0.724804 0.378529 -0.575652 0.000000  
0.570623 0.138385 0.809469 0.000000  
0.396724 -0.940443 -0.118888 0.000000  
-1.988114 8.745157 -0.505614 1.000000  
0.486080 -0.794601 -0.363780 0.000000  
0.480616 -0.104599 0.870671 0.000000  
-0.750030 -0.614559 0.340190 0.000000  
1.912042 3.949430 -1.721373 1.000000  
0.068660 0.990139 -0.122112 0.000000  
0.917733 -0.110684 -0.381464 0.000000  
0.391218 0.085875 0.916283 0.000000  
-2.448636 4.076108 0.895420 1.000000  
0.901130 0.235017 -0.364323 0.000000  
0.373146 0.007424 0.927743 0.000000  
0.226832 -0.998787 -0.083241 0.000000  
-0.688200 8.613747 -0.095624 1.000000  
0.828919 -0.483998 -0.280427 0.000000  
0.327546 0.013593 0.944738 0.000000  
-0.465953 -0.899110 0.174485 0.000000  
1.875272 6.016364 -0.875021 1.000000  
-0.256118 0.966381 0.022600 0.000000  
0.898335 0.246586 -0.363579 0.000000  
0.356929 0.072817 0.931289 0.000000  
-2.409816 4.068376 1.106067 1.000000  
0.711010 0.524692 -0.468148 0.000000  
-0.571302 0.819188 0.050453 0.000000  
0.421288 0.237972 0.906555 0.000000  
-0.649220 4.714608 -10.484987 1.000000  
0.999984 -0.003678 0.004254 0.000000  
0.004270 0.004355 -0.999981 0.000000  
0.003659 0.999984 0.004370 0.000000  
-6.269798 3.456672 -10.116001 1.000000  
0.732405 -0.069390 0.677325 0.000000  
0.663025 0.298948 -0.686315 0.000000  
-0.159135 0.978009 0.272271 0.000000  
0.150026 0.066687 0.108419 1.000000  
0.677771 -0.466831 0.568063 0.000000  
0.686052 0.123595 -0.716977 0.000000  
0.271797 0.899833 0.415190 0.000000  
-2.216067 0.606077 -0.675904 1.000000  
0.411330 -0.612700 0.674838 0.000000  
0.575996 -0.399080 -0.713417 0.000000  
0.725920 0.700980 0.193969 0.000000  
-3.582756 2.656222 0.117145 1.000000  
0.399745 -0.269772 0.876029 0.000000  
0.723467 -0.493992 -0.482253 0.000000  
0.578383 0.849367 -0.002364 0.000000  
-3.633357 1.747367 -0.577721 1.000000  
0.818274 -0.114547 0.563301 0.000000  
0.574233 0.118276 -0.810103 0.000000  
0.026892 1.013572 0.167045 0.000000  
-0.807567 -0.113832 0.780541 1.000000  
0.860421 0.156076 0.485094 0.000000  
0.505337 -0.383980 -0.772783 0.000000  
0.067466 0.935170 -0.420550 0.000000  
-0.790179 1.542304 3.082908 1.000000  
0.900647 0.164932 0.402037 0.000000  
0.434527 -0.331717 -0.837347 0.000000  
-0.004874 0.954483 -0.380650 0.000000  
-0.231487 1.321637 2.996874 1.000000  
0.896241 0.327016 0.299688 0.000000  
0.441387 -0.590577 -0.675572 0.000000  
-0.045146 0.758113 -0.692230 0.000000  
-0.539418 1.095350 3.519103 1.000000  
0.923799 0.327632 0.198123 0.000000  
0.157885 0.145438 -0.976688 0.000000  
-0.358435 0.959307 0.084908 0.000000  
0.193413 0.232902 2.411676 1.000000  
0.982754 0.000189 0.184914 0.000000  
0.184914 0.000299 -0.982755 0.000000  
-0.000247 1.027597 0.000266 0.000000  
0.115061 0.671241 2.429223 1.000000  
0.982720 -0.000003 0.185099 0.000000  
0.185099 0.000004 -0.982720 0.000000  
0.000002 1.027597 0.000005 0.000000  
0.115180 0.671522 2.428882 1.000000  
-0.105894 -0.000005 0.994377 0.000000  
0.000002 1.000000 0.000005 0.000000  
0.994377 -0.000003 0.105894 0.000000  
1.136404 0.102569 2.594523 1.000000  
0.857707 -0.184801 0.479778 0.000000  
0.370919 -0.423784 -0.826333 0.000000  
0.365855 0.911181 -0.303076 0.000000  
-2.008508 0.498992 1.981277 1.000000  
0.782969 -0.230141 0.577922 0.000000  
0.588499 0.575078 -0.568291 0.000000  
-0.207126 0.806726 0.601870 0.000000  
-1.188872 -0.030055 0.261187 1.000000  
0.860411 -0.000002 0.509600 0.000000  
0.509600 0.000001 -0.860412 0.000000  
0.000001 1.027597 0.000002 0.000000  
-1.047491 0.671672 0.435496 1.000000  
0.860411 -0.000002 0.509600 0.000000  
0.509600 0.000001 -0.860412 0.000000  
0.000001 1.027597 0.000002 0.000000  
-1.047491 0.671672 0.435496 1.000000  
-0.576792 -0.000001 0.816891 0.000000  
0.000001 1.000000 0.000002 0.000000  
-0.816891 0.000002 -0.576792 0.000000  
-1.923999 0.102725 -0.114139 1.000000  
0.826400 0.010515 0.562986 0.000000  
0.560546 -0.110184 -0.820761 0.000000  
0.054876 1.021283 -0.099626 0.000000  
-0.960532 -0.038203 1.279627 1.000000  
1.000000 0.000000 0.000000 0.000000  
0.000000 1.000000 0.000000 0.000000  
0.000000 0.000000 1.000000 0.000000  
0.000000 0.000000 0.000000 1.000000  
1.000000 0.000000 0.000000 0.000000  
0.000000 0.000000 -1.000000 0.000000  
0.000000 1.027597 0.000000 0.000000  
0.000006 0.671671 0.968041 1.000000  
-0.549367 -0.000000 0.835582 0.000000  
0.835582 -0.000000 0.549367 0.000000  
0.000000 1.000000 0.000000 0.000000  
-0.441239 3.788381 0.427393 1.000000  
1.000000 -0.000000 -0.000000 0.000000  
-0.000000 0.000000 -1.000000 0.000000  
0.000000 1.000000 0.000000 0.000000  
-0.441239 0.049623 0.427393 1.000000  
0.835581 0.000001 0.549368 0.000000  
0.549368 0.000001 -0.835581 0.000000  
-0.000002 1.027597 0.000000 0.000000  
-0.738347 -0.078551 0.879310 1.000000  
0.769826 -0.341107 0.539457 0.000000  
0.636738 0.352223 -0.685933 0.000000  
0.045180 0.895594 0.501823 0.000000  
-0.972808 0.312332 -1.327408 1.000000  
0.579796 -0.338315 0.741201 0.000000  
0.806592 0.366841 -0.463506 0.000000  
-0.118268 0.890501 0.498976 0.000000  
-0.221318 0.331394 -1.416780 1.000000  
0.579796 -0.338315 0.741201 0.000000  
0.806592 0.366841 -0.463505 0.000000  
-0.118268 0.890501 0.498976 0.000000  
-0.221318 0.331394 -1.416781 1.000000  
0.999853 0.016378 0.005002 0.000000  
0.001034 0.233815 -0.972281 0.000000  
-0.017565 0.998972 0.240215 0.000000  
-0.409696 -0.299747 0.570363 1.000000  
-0.017122 0.961360 0.274763 0.000000  
-0.000310 -0.274808 0.961499 0.000000  
0.999853 0.016377 0.005003 0.000000  
-0.569427 8.921892 2.304335 1.000000  
0.655159 0.140393 0.742332 0.000000  
0.632149 0.436193 -0.640409 0.000000  
-0.425126 0.913363 0.202464 0.000000  
1.759670 0.054106 0.516617 1.000000  
-0.738036 -0.333995 0.586303 0.000000  
0.668423 -0.243064 0.702944 0.000000  
-0.094817 0.935829 0.413752 0.000000  
0.635163 0.614173 -1.435360 1.000000  
-0.967338 0.097029 0.234186 0.000000  
0.071489 -0.781922 0.619263 0.000000  
0.249913 0.632772 0.770129 0.000000  
-0.320661 1.892575 -2.643203 1.000000  
-0.905506 0.369152 0.209248 0.000000  
0.262259 0.099210 0.959884 0.000000  
0.342789 0.949560 -0.191800 0.000000  
-0.977441 -0.618501 1.436183 1.000000  
-0.901537 0.236196 0.362548 0.000000  
0.429319 0.383723 0.817583 0.000000  
0.055482 0.917368 -0.459689 0.000000  
0.174978 -0.248877 2.241013 1.000000  
-0.608740 0.579097 0.542293 0.000000  
0.793369 0.445060 0.415316 0.000000  
-0.000868 0.701908 -0.750520 0.000000  
-0.431291 -0.304107 2.991359 1.000000  
-0.708881 -0.178276 0.682426 0.000000  
0.408885 0.684498 0.603553 0.000000  
-0.574718 0.706881 -0.412333 0.000000  
-2.078319 4.102192 1.598854 1.000000  
-0.960802 -0.048125 0.273026 0.000000  
0.259402 0.191447 0.946604 0.000000  
-0.100526 1.007377 -0.176190 0.000000  
1.007348 0.299375 1.194892 1.000000  
-0.120315 -0.926912 0.355470 0.000000  
0.046801 0.352377 0.934687 0.000000  
-1.018998 0.132656 0.001011 0.000000  
2.201854 6.426587 0.237645 1.000000  
0.583404 -0.807614 0.086012 0.000000  
0.810413 0.571876 -0.127231 0.000000  
0.053565 0.143933 0.988136 0.000000  
-2.111978 4.058815 1.527440 1.000000  
-0.935838 -0.226599 0.269923 0.000000  
0.207638 0.264347 0.941811 0.000000  
-0.292626 0.963300 -0.205864 0.000000  
1.742768 0.969825 1.326964 1.000000  
-0.044917 -0.975306 0.216241 0.000000  
0.159762 0.206661 0.965281 0.000000  
-1.013347 0.080055 0.150579 0.000000  
1.917109 6.806848 0.058541 1.000000  
0.676794 -0.736152 -0.005589 0.000000  
0.700667 0.646463 -0.301912 0.000000  
0.225866 0.200417 0.953319 0.000000  
-2.083081 4.121908 1.752895 1.000000  
0.085694 -0.137517 0.986785 0.000000  
0.971560 -0.207907 -0.113345 0.000000  
0.226838 0.995160 0.118986 0.000000  
-2.124372 0.094526 0.579553 1.000000  
0.581182 -0.411575 0.702021 0.000000  
0.811009 0.363988 -0.458014 0.000000  
-0.068870 0.858594 0.560384 0.000000  
-0.528264 0.515289 -1.806472 1.000000  
0.766106 0.410634 0.494430 0.000000  
0.489340 0.126079 -0.862931 0.000000  
-0.428186 0.927963 -0.107229 0.000000  
1.936387 0.757342 2.311659 1.000000  
0.964570 0.245562 0.096456 0.000000  
0.199843 -0.441376 -0.874786 0.000000  
-0.176994 0.886887 -0.487916 0.000000  
1.179996 1.134273 3.643590 1.000000  
0.159646 0.910763 -0.380820 0.000000  
0.463193 0.271556 0.843629 0.000000  
0.895818 -0.319660 -0.388952 0.000000  
-5.615170 7.659214 1.141011 1.000000  
0.384574 0.802312 -0.456507 0.000000  
0.615891 0.145356 0.774307 0.000000  
0.706567 -0.594914 -0.450330 0.000000  
-4.308545 8.600609 1.237538 1.000000  
-0.407568 0.720578 -0.560942 0.000000  
0.877949 0.478171 -0.023646 0.000000  
0.258119 -0.515973 -0.850355 0.000000  
-4.652063 8.016639 2.685662 1.000000  
-0.185598 -0.363456 0.912937 0.000000  
0.972473 0.065272 0.223687 0.000000  
0.140889 -0.929322 -0.341337 0.000000  
-2.432641 4.013368 0.920634 1.000000  
0.726692 0.378469 -0.573306 0.000000  
0.569173 0.135588 0.810961 0.000000  
0.395272 -0.940899 -0.120109 0.000000  
-1.975298 8.750204 -0.503283 1.000000  
0.485405 -0.794686 -0.364494 0.000000  
0.478599 -0.107366 0.871445 0.000000  
-0.751851 -0.613938 0.337278 0.000000  
1.918727 3.950079 -1.721336 1.000000  
0.070705 0.990276 -0.119807 0.000000  
0.918330 -0.111515 -0.379783 0.000000  
0.389450 0.083170 0.917285 0.000000  
-2.447194 4.078957 0.886593 1.000000  
0.902316 0.234177 -0.361922 0.000000  
0.371212 0.004728 0.928536 0.000000  
0.225201 -0.999012 -0.084945 0.000000  
-0.676487 8.615546 -0.090860 1.000000  
0.828629 -0.484887 -0.279747 0.000000  
0.325588 0.010941 0.945449 0.000000  
-0.467942 -0.898642 0.171547 0.000000  
1.883917 6.015228 -0.870554 1.000000  
-0.254418 0.966792 0.024172 0.000000  
0.899540 0.245749 -0.361159 0.000000  
0.355106 0.070142 0.932191 0.000000  
-2.408829 4.070695 1.097304 1.000000  
0.712938 0.524421 -0.465512 0.000000  
-0.569925 0.820110 0.051044 0.000000  
0.419815 0.235233 0.907952 0.000000  
-0.622762 4.738981 -10.488603 1.000000  
0.999965 -0.005498 0.006339 0.000000  
0.006375 0.006525 -0.999958 0.000000  
0.005457 0.999964 0.006560 0.000000  
-6.246346 3.490399 -10.134094 1.000000  
0.730962 -0.077350 0.678021 0.000000  
0.665340 0.301666 -0.682876 0.000000  
-0.155902 0.976496 0.279477 0.000000  
0.128398 0.066955 0.060735 1.000000  
0.675409 -0.466828 0.570872 0.000000  
0.689357 0.124716 -0.713605 0.000000  
0.269164 0.899671 0.417251 0.000000  
-2.204578 0.604132 -0.688087 1.000000  
0.408174 -0.618419 0.671529 0.000000  
0.577042 -0.395229 -0.714714 0.000000  
0.726923 0.697973 0.200928 0.000000  
-3.581124 2.667837 0.101085 1.000000  
0.392040 -0.287018 0.874028 0.000000  
0.714347 -0.503677 -0.485816 0.000000  
0.595664 0.837306 0.007778 0.000000  
-3.634010 1.860451 -0.598369 1.000000  
0.815027 -0.114503 0.567996 0.000000  
0.578934 0.120692 -0.806392 0.000000  
0.024438 1.013277 0.169201 0.000000  
-0.797664 -0.115170 0.766829 1.000000  
0.860481 0.147448 0.487680 0.000000  
0.504355 -0.381985 -0.774412 0.000000  
0.074091 0.937508 -0.414180 0.000000  
-0.803164 1.520092 3.059458 1.000000  
0.905468 0.145573 0.398668 0.000000  
0.424215 -0.339208 -0.839630 0.000000  
0.013363 0.955028 -0.379077 0.000000  
-0.235258 1.313082 2.976159 1.000000  
0.895441 0.327520 0.301522 0.000000  
0.443083 -0.590023 -0.674944 0.000000  
-0.044344 0.758338 -0.692036 0.000000  
-0.543406 1.092916 3.518366 1.000000  
0.923204 0.328259 0.199852 0.000000  
0.159023 0.147125 -0.976251 0.000000  
-0.359522 0.958809 0.085933 0.000000  
0.193029 0.230895 2.409661 1.000000  
0.982763 0.000239 0.184869 0.000000  
0.184869 0.000372 -0.982763 0.000000  
-0.000311 1.027597 0.000330 0.000000  
0.115079 0.671136 2.429296 1.000000  
0.982720 -0.000002 0.185099 0.000000  
0.185099 0.000003 -0.982720 0.000000  
0.000001 1.027597 0.000004 0.000000  
0.115228 0.671487 2.428869 1.000000  
-0.105895 -0.000003 0.994377 0.000000  
0.000001 1.000000 0.000004 0.000000  
0.994377 -0.000002 0.105895 0.000000  
1.136453 0.102536 2.594512 1.000000  
0.856638 -0.185339 0.481477 0.000000  
0.371928 -0.424915 -0.825298 0.000000  
0.367414 0.910509 -0.303209 0.000000  
-2.014653 0.500826 1.981398 1.000000  
0.781611 -0.230603 0.579574 0.000000  
0.590054 0.574666 -0.567093 0.000000  
-0.207871 0.806897 0.601385 0.000000  
-1.191488 -0.030159 0.261793 1.000000  
0.860412 -0.000002 0.509600 0.000000  
0.509600 0.000001 -0.860412 0.000000  
0.000001 1.027597 0.000002 0.000000  
-1.047495 0.671673 0.435496 1.000000  
0.860412 -0.000002 0.509600 0.000000  
0.509600 0.000001 -0.860412 0.000000  
0.000001 1.027597 0.000002 0.000000  
-1.047495 0.671674 0.435496 1.000000  
-0.576791 -0.000001 0.816891 0.000000  
0.000001 1.000000 0.000002 0.000000  
-0.816891 0.000002 -0.576791 0.000000  
-1.924003 0.102726 -0.114138 1.000000  
0.825376 0.012401 0.564448 0.000000  
0.562065 -0.112380 -0.819423 0.000000  
0.054742 1.021008 -0.102478 0.000000  
-0.960910 -0.038832 1.291286 1.000000  
1.000000 0.000000 0.000000 0.000000  
0.000000 1.000000 0.000000 0.000000  
0.000000 0.000000 1.000000 0.000000  
0.000000 0.000000 0.000000 1.000000  
1.000000 0.000000 0.000000 0.000000  
0.000000 0.000000 -1.000000 0.000000  
0.000000 1.027597 0.000000 0.000000  
0.000006 0.671671 0.968041 1.000000  
-0.551240 -0.000000 0.834347 0.000000  
0.834347 -0.000000 0.551240 0.000000  
0.000000 1.000000 0.000000 0.000000  
-0.440295 3.786869 0.428287 1.000000  
1.000000 0.000000 0.000000 0.000000  
0.000000 0.000000 -1.000000 0.000000  
-0.000000 1.000000 0.000000 0.000000  
-0.440295 0.049625 0.428287 1.000000  
0.834346 0.000001 0.551241 0.000000  
0.551241 0.000001 -0.834346 0.000000  
-0.000002 1.027597 0.000000 0.000000  
-0.738415 -0.080063 0.879537 1.000000  
0.768614 -0.341107 0.541183 0.000000  
0.638262 0.351953 -0.684654 0.000000  
0.044258 0.895706 0.501705 0.000000  
-0.968784 0.310473 -1.326700 1.000000  
0.575754 -0.339396 0.743853 0.000000  
0.809265 0.366307 -0.459249 0.000000  
-0.119829 0.890299 0.498964 0.000000  
-0.214582 0.331257 -1.418005 1.000000  
0.575754 -0.339396 0.743853 0.000000  
0.809265 0.366307 -0.459249 0.000000  
-0.119829 0.890299 0.498964 0.000000  
-0.214582 0.331258 -1.418005 1.000000  
0.999842 0.016774 0.005936 0.000000  
0.001874 0.232463 -0.972604 0.000000  
-0.018182 0.999298 0.238808 0.000000  
-0.408060 -0.302861 0.580928 1.000000  
-0.017757 0.961734 0.273408 0.000000  
-0.001124 -0.273470 0.961880 0.000000  
0.999842 0.016773 0.005937 0.000000  
-0.573027 8.921121 2.301911 1.000000  
0.651603 0.139233 0.745672 0.000000  
0.635775 0.435954 -0.636972 0.000000  
-0.425185 0.913671 0.200945 0.000000  
1.756480 0.050665 0.525036 1.000000  
-0.738951 -0.336350 0.583798 0.000000  
0.666865 -0.241481 0.704966 0.000000  
-0.098793 0.935371 0.413858 0.000000  
0.656862 0.615036 -1.432185 1.000000  
-0.968437 0.097893 0.229232 0.000000  
0.066849 -0.783957 0.617205 0.000000  
0.246754 0.629966 0.773441 0.000000  
-0.300541 1.903114 -2.649523 1.000000  
-0.905226 0.370400 0.208254 0.000000  
0.260526 0.096605 0.960621 0.000000  
0.344960 0.949330 -0.189025 0.000000  
-0.985479 -0.619848 1.421015 1.000000  
-0.901814 0.237100 0.361268 0.000000  
0.428406 0.381114 0.819281 0.000000  
0.058128 0.918269 -0.457557 0.000000  
0.166023 -0.254170 2.228954 1.000000  
-0.608731 0.579052 0.542351 0.000000  
0.793374 0.442648 0.417876 0.000000  
0.001954 0.703556 -0.748973 0.000000  
-0.441847 -0.309905 2.977966 1.000000  
-0.710578 -0.178436 0.680617 0.000000  
0.408966 0.682397 0.605873 0.000000  
-0.572560 0.708869 -0.411921 0.000000  
-2.077786 4.102547 1.591883 1.000000  
-0.961435 -0.046911 0.271003 0.000000  
0.257870 0.188876 0.947539 0.000000  
-0.098276 1.007950 -0.174172 0.000000  
1.001514 0.294807 1.185704 1.000000  
-0.122771 -0.927462 0.353188 0.000000  
0.045597 0.350233 0.935552 0.000000  
-1.018746 0.134577 -0.000729 0.000000  
2.209470 6.421843 0.244333 1.000000  
0.581709 -0.808901 0.085398 0.000000  
0.811742 0.570623 -0.124355 0.000000  
0.051861 0.141660 0.988556 0.000000  
-2.111384 4.059390 1.520306 1.000000  
-0.936801 -0.225425 0.267556 0.000000  
0.206253 0.261884 0.942803 0.000000  
-0.290399 0.964300 -0.204326 0.000000  
1.737930 0.963576 1.320719 1.000000  
-0.047186 -0.975692 0.214003 0.000000  
0.158222 0.204237 0.966050 0.000000  
-1.013494 0.081637 0.148733 0.000000  
1.925800 6.803032 0.065500 1.000000  
0.675416 -0.737414 -0.005860 0.000000  
0.702486 0.645801 -0.299090 0.000000  
0.224338 0.197894 0.954207 0.000000  
-2.082818 4.121932 1.745957 1.000000  
0.083589 -0.132699 0.987625 0.000000  
0.972600 -0.204900 -0.109848 0.000000  
0.222928 0.996508 0.115025 0.000000  
-2.103827 0.077882 0.604548 1.000000  
0.577266 -0.411476 0.705302 0.000000  
0.813581 0.363496 -0.453824 0.000000  
-0.071559 0.858863 0.559633 0.000000  
-0.514491 0.512452 -1.802975 1.000000  
0.763875 0.409686 0.498650 0.000000  
0.492485 0.129300 -0.860662 0.000000  
-0.428587 0.927937 -0.105838 0.000000  
1.937137 0.753459 2.303987 1.000000  
0.964860 0.243800 0.098012 0.000000  
0.200551 -0.442266 -0.874174 0.000000  
-0.174462 0.886932 -0.488745 0.000000  
1.171525 1.131838 3.644342 1.000000  
0.162115 0.911293 -0.378502 0.000000  
0.462011 0.268838 0.845146 0.000000  
0.895995 -0.320490 -0.387861 0.000000  
-5.607023 7.667183 1.134781 1.000000  
0.386991 0.802585 -0.453977 0.000000  
