1330  
57 
1.000000 0.000000 0.000000 0.000000  
0.000000 1.000000 0.000000 0.000000  
0.000000 0.000000 1.000000 0.000000  
0.000000 0.000000 0.000000 1.000000  
1.000000 0.000000 0.000000 0.000000  
0.000000 0.000000 -1.000000 0.000000  
0.000000 1.027597 0.000000 0.000000  
0.000006 0.671671 0.968041 1.000000  
-0.543548 -0.000000 0.839378 0.000000  
0.839378 -0.000000 0.543548 0.000000  
0.000000 1.000000 0.000000 0.000000  
-0.440893 3.790957 0.427202 1.000000  
1.000000 0.000000 -0.000000 0.000000  
-0.000000 0.000000 -1.000000 0.000000  
0.000000 1.000000 0.000000 0.000000  
-0.440893 0.049622 0.427202 1.000000  
0.839378 0.000001 0.543549 0.000000  
0.543549 0.000001 -0.839378 0.000000  
-0.000002 1.027597 0.000000 0.000000  
-0.734854 -0.075975 0.881172 1.000000  
0.773556 -0.341107 0.534096 0.000000  
0.631980 0.352652 -0.690100 0.000000  
0.048346 0.895416 0.501846 0.000000  
-0.983292 0.315458 -1.325464 1.000000  
0.592752 -0.335226 0.732303 0.000000  
0.797684 0.369800 -0.476390 0.000000  
-0.114174 0.890442 0.500034 0.000000  
-0.234584 0.332733 -1.416027 1.000000  
0.592752 -0.335226 0.732303 0.000000  
0.797684 0.369800 -0.476390 0.000000  
-0.114174 0.890442 0.500034 0.000000  
-0.234583 0.332733 -1.416027 1.000000  
0.999882 0.015211 0.001901 0.000000  
-0.001767 0.237530 -0.971378 0.000000  
-0.015647 0.998065 0.244084 0.000000  
-0.412300 -0.293313 0.544715 1.000000  
-0.015139 0.960321 0.278486 0.000000  
0.002409 -0.278482 0.960438 0.000000  
0.999882 0.015211 0.001902 0.000000  
-0.555858 8.921805 2.314399 1.000000  
0.666112 0.143794 0.731859 0.000000  
0.620201 0.438265 -0.650595 0.000000  
-0.425733 0.911756 0.208348 0.000000  
1.777600 0.065462 0.486316 1.000000  
-0.735115 -0.326337 0.594230 0.000000  
0.673216 -0.248071 0.696593 0.000000  
-0.082119 0.937293 0.413152 0.000000  
0.568452 0.608472 -1.440557 1.000000  
-0.963681 0.095052 0.249566 0.000000  
0.085438 -0.775661 0.625341 0.000000  
0.260001 0.641171 0.759773 0.000000  
-0.382045 1.858060 -2.619511 1.000000  
-0.906175 0.365572 0.212610 0.000000  
0.267794 0.106927 0.957524 0.000000  
0.336343 0.950138 -0.200168 0.000000  
-0.951677 -0.615723 1.485142 1.000000  
-0.900503 0.233647 0.366745 0.000000  
0.432382 0.391407 0.812309 0.000000  
0.047524 0.914625 -0.466004 0.000000  
0.203777 -0.234554 2.280178 1.000000  
-0.608460 0.579311 0.542379 0.000000  
0.793530 0.452091 0.407336 0.000000  
-0.009485 0.696960 -0.755058 0.000000  
-0.397407 -0.288172 3.034721 1.000000  
-0.703547 -0.177662 0.688082 0.000000  
0.408939 0.690657 0.596457 0.000000  
-0.581197 0.701019 -0.413257 0.000000  
-2.077419 4.099863 1.624060 1.000000  
-0.958772 -0.051573 0.279458 0.000000  
0.264346 0.199057 0.943662 0.000000  
-0.107174 1.005637 -0.182108 0.000000  
1.026469 0.311361 1.225217 1.000000  
-0.112963 -0.925205 0.362264 0.000000  
0.050793 0.358744 0.932053 0.000000  
-1.019685 0.127102 0.006647 0.000000  
2.181198 6.438592 0.220450 1.000000  
0.588367 -0.803840 0.087551 0.000000  
0.806436 0.575440 -0.136123 0.000000  
0.059041 0.150695 0.986816 0.000000  
-2.111291 4.055835 1.553145 1.000000  
-0.932848 -0.229925 0.277359 0.000000  
0.212153 0.271641 0.938724 0.000000  
-0.299214 0.960320 -0.210267 0.000000  
1.759018 0.986662 1.348222 1.000000  
-0.038185 -0.974099 0.222876 0.000000  
0.164745 0.213850 0.962875 0.000000  
-1.012796 0.075513 0.156515 0.000000  
1.893238 6.816113 0.040692 1.000000  
0.680779 -0.732471 -0.005108 0.000000  
0.695176 0.648281 -0.310583 0.000000  
0.230805 0.207888 0.950532 0.000000  
-2.081311 4.120562 1.777996 1.000000  
0.092080 -0.153538 0.983843 0.000000  
0.968022 -0.217748 -0.124580 0.000000  
0.239797 0.990452 0.132127 0.000000  
-2.190039 0.147996 0.500276 1.000000  
0.593778 -0.412106 0.691083 0.000000  
0.802424 0.366815 -0.470703 0.000000  
-0.061162 0.857053 0.563627 0.000000  
-0.564072 0.525127 -1.819717 1.000000  
0.772738 0.413306 0.481720 0.000000  
0.479747 0.116611 -0.869623 0.000000  
-0.427063 0.928018 -0.111158 0.000000  
1.936978 0.766755 2.336933 1.000000  
0.963824 0.250432 0.091251 0.000000  
0.197087 -0.439130 -0.876539 0.000000  
-0.184394 0.886626 -0.485643 0.000000  
1.207482 1.139961 3.645215 1.000000  
0.152217 0.909103 -0.387765 0.000000  
0.467030 0.279610 0.838869 0.000000  
0.895079 -0.317310 -0.392560 0.000000  
-5.636608 7.634431 1.165577 1.000000  
0.377254 0.801386 -0.464175 0.000000  
0.619977 0.153793 0.769400 0.000000  
0.706960 -0.593989 -0.450933 0.000000  
-4.334597 8.583555 1.247628 1.000000  
-0.415072 0.714646 -0.563023 0.000000  
0.875137 0.482790 -0.032362 0.000000  
0.255558 -0.520124 -0.848597 0.000000  
-4.665710 8.007232 2.701692 1.000000  
-0.177805 -0.358466 0.916453 0.000000  
0.973497 0.072046 0.217053 0.000000  
0.143833 -0.930758 -0.336156 0.000000  
-2.435535 4.004645 0.948718 1.000000  
0.720951 0.378660 -0.580384 0.000000  
0.573547 0.144011 0.806415 0.000000  
0.399672 -0.939494 -0.116483 0.000000  
-2.013287 8.734460 -0.508969 1.000000  
0.487449 -0.794399 -0.362386 0.000000  
0.484695 -0.099032 0.869058 0.000000  
-0.746310 -0.615807 0.346063 0.000000  
1.899281 3.947777 -1.720465 1.000000  
0.064496 0.989840 -0.126715 0.000000  
0.916504 -0.108990 -0.384892 0.000000  
0.394793 0.091311 0.914221 0.000000  
-2.450664 4.069928 0.914343 1.000000  
0.898702 0.236719 -0.369186 0.000000  
0.377058 0.012846 0.926100 0.000000  
0.230149 -0.998303 -0.079857 0.000000  
-0.711168 8.609604 -0.103963 1.000000  
0.829494 -0.482181 -0.281852 0.000000  
0.331508 0.018922 0.943263 0.000000  
-0.461896 -0.900038 0.180387 0.000000  
1.858506 6.018242 -0.882975 1.000000  
-0.259573 0.965526 0.019483 0.000000  
0.895867 0.248281 -0.368481 0.000000  
0.360616 0.078194 0.929431 0.000000  
-2.410920 4.063260 1.124854 1.000000  
0.707077 0.525240 -0.473460 0.000000  
-0.574092 0.817303 0.049323 0.000000  
0.424261 0.243474 0.903703 0.000000  
-0.702025 4.665255 -10.476314 1.000000  
1.000000 0.000002 0.000001 0.000000  
0.000001 -0.000001 -1.000000 0.000000  
-0.000002 1.000000 -0.000001 0.000000  
-6.316331 3.388399 -10.077889 1.000000  
0.735231 -0.053413 0.675709 0.000000  
0.658330 0.293591 -0.693114 0.000000  
-0.165813 0.980778 0.257948 0.000000  
0.195214 0.067120 0.204078 1.000000  
0.682703 -0.466796 0.562155 0.000000  
0.679220 0.121762 -0.723764 0.000000  
0.276836 0.900116 0.411228 0.000000  
-2.236831 0.609389 -0.651629 1.000000  
0.418023 -0.601215 0.681027 0.000000  
0.573948 -0.406304 -0.710985 0.000000  
0.723592 0.707072 0.180057 0.000000  
-3.584157 2.631766 0.150229 1.000000  
0.414256 -0.234913 0.879322 0.000000  
0.741244 -0.473552 -0.475716 0.000000  
0.542733 0.872287 -0.022652 0.000000  
-3.623127 1.520968 -0.533274 1.000000  
0.824818 -0.114557 0.553671 0.000000  
0.564568 0.113840 -0.817498 0.000000  
0.031465 1.014107 0.162948 0.000000  
-0.824497 -0.111642 0.807513 1.000000  
0.860174 0.173465 0.479594 0.000000  
0.507316 -0.387400 -0.769774 0.000000  
0.053708 0.930433 -0.432858 0.000000  
-0.761368 1.585980 3.128884 1.000000  
0.889795 0.203512 0.408469 0.000000  
0.454547 -0.315515 -0.832969 0.000000  
-0.041763 0.952418 -0.383551 0.000000  
-0.221731 1.337819 3.037781 1.000000  
0.897867 0.325843 0.296076 0.000000  
0.437947 -0.592066 -0.676506 0.000000  
-0.046384 0.757420 -0.692907 0.000000  
-0.531932 1.100877 3.522116 1.000000  
0.925047 0.326225 0.194591 0.000000  
0.155302 0.142700 -0.977506 0.000000  
-0.356222 0.960248 0.083585 0.000000  
0.194429 0.236538 2.415703 1.000000  
0.982720 -0.000001 0.185099 0.000000  
0.185099 0.000003 -0.982720 0.000000  
0.000001 1.027597 0.000003 0.000000  
0.115014 0.671664 2.428941 1.000000  
0.982720 -0.000001 0.185099 0.000000  
0.185099 0.000002 -0.982720 0.000000  
0.000001 1.027597 0.000003 0.000000  
0.115014 0.671664 2.428941 1.000000  
-0.105895 -0.000002 0.994377 0.000000  
0.000001 1.000000 0.000003 0.000000  
0.994377 -0.000001 0.105895 0.000000  
1.136238 0.102714 2.594584 1.000000  
0.859830 -0.184071 0.476246 0.000000  
0.368676 -0.421469 -0.828518 0.000000  
0.362977 0.912471 -0.302657 0.000000  
-1.996146 0.494781 1.981162 1.000000  
0.785658 -0.229572 0.574489 0.000000  
0.585474 0.575950 -0.570527 0.000000  
-0.205417 0.806240 0.603106 0.000000  
-1.183751 -0.030228 0.259720 1.000000  
0.860412 -0.000002 0.509599 0.000000  
0.509599 0.000001 -0.860412 0.000000  
0.000001 1.027597 0.000002 0.000000  
-1.047496 0.671674 0.435496 1.000000  
0.860412 -0.000002 0.509599 0.000000  
0.509599 0.000001 -0.860412 0.000000  
0.000001 1.027597 0.000002 0.000000  
-1.047496 0.671674 0.435496 1.000000  
-0.576791 -0.000001 0.816892 0.000000  
0.000001 1.000000 0.000002 0.000000  
-0.816892 0.000002 -0.576791 0.000000  
-1.924005 0.102727 -0.114138 1.000000  
0.828484 0.006734 0.559973 0.000000  
0.557433 -0.105792 -0.823454 0.000000  
0.055178 1.021807 -0.093923 0.000000  
-0.959022 -0.037379 1.257027 1.000000  
1.000000 0.000000 0.000000 0.000000  
0.000000 1.000000 0.000000 0.000000  
0.000000 0.000000 1.000000 0.000000  
0.000000 0.000000 0.000000 1.000000  
1.000000 0.000000 0.000000 0.000000  
0.000000 0.000000 -1.000000 0.000000  
0.000000 1.027597 0.000000 0.000000  
0.000006 0.671671 0.968041 1.000000  
-0.627074 -0.000184 0.778960 0.000000  
0.778960 -0.000389 0.627074 0.000000  
0.000188 1.000000 0.000387 0.000000  
-0.389752 3.820587 0.465751 1.000000  
1.000000 -0.000045 -0.000000 0.000000  
-0.000000 -0.000019 -1.000000 0.000000  
0.000045 1.000000 -0.000019 0.000000  
-0.389751 0.049621 0.465762 1.000000  
0.778959 -0.000388 0.627075 0.000000  
0.627075 0.000185 -0.778959 0.000000  
0.000191 1.027597 0.000398 0.000000  
-0.729613 -0.046444 0.885548 1.000000  
0.716324 -0.336367 0.611340 0.000000  
0.697753 0.351013 -0.624444 0.000000  
-0.004672 0.897985 0.499556 0.000000  
-0.743150 0.334942 -1.312194 1.000000  
0.519816 -0.334572 0.786036 0.000000  
0.838875 0.373851 -0.395631 0.000000  
-0.165950 0.888914 0.488107 0.000000  
0.010723 0.370388 -1.360822 1.000000  
0.519816 -0.334572 0.786036 0.000000  
0.838875 0.373851 -0.395631 0.000000  
-0.165950 0.888914 0.488107 0.000000  
0.010723 0.370388 -1.360822 1.000000  
0.991615 0.016367 0.128183 0.000000  
0.120507 0.241020 -0.963009 0.000000  
-0.047944 0.997162 0.243568 0.000000  
-0.341520 -0.259411 0.567562 1.000000  
-0.051722 0.959295 0.277630 0.000000  
-0.118423 -0.281932 0.952098 0.000000  
0.991615 0.016367 0.128185 0.000000  
-0.722182 8.949108 2.336475 1.000000  
0.590964 0.144721 0.793610 0.000000  
0.678962 0.442022 -0.586197 0.000000  
-0.447650 0.909683 0.167456 0.000000  
1.828779 0.106596 0.728272 1.000000  
-0.768188 -0.342776 0.540732 0.000000  
0.629444 -0.250025 0.735722 0.000000  
-0.120220 0.930524 0.419080 0.000000  
0.749846 0.692167 -1.392437 1.000000  
-0.978986 0.082540 0.186475 0.000000  
0.051670 -0.784184 0.618373 0.000000  
0.202716 0.631986 0.784510 0.000000  
-0.137897 1.952882 -2.617968 1.000000  
-0.941305 0.284019 0.182421 0.000000  
0.205526 0.053528 0.977187 0.000000  
0.275164 0.983743 -0.111761 0.000000  
-0.626938 -0.514473 1.114181 1.000000  
-0.934377 0.141655 0.326915 0.000000  
0.356253 0.358944 0.862695 0.000000  
0.004994 0.948007 -0.396503 0.000000  
0.450979 -0.113584 2.002903 1.000000  
-0.679113 0.492879 0.543945 0.000000  
0.733788 0.475006 0.485720 0.000000  
-0.019500 0.749117 -0.703135 0.000000  
-0.185479 -0.265655 2.713839 1.000000  
-0.725443 -0.277683 0.629781 0.000000  
0.322581 0.671119 0.667489 0.000000  
-0.608008 0.687380 -0.397283 0.000000  
-2.107059 4.086644 1.517058 1.000000  
-0.966286 -0.139623 0.216326 0.000000  
0.195994 0.145967 0.969680 0.000000  
-0.171574 1.006415 -0.116818 0.000000  
1.287959 0.566239 1.041085 1.000000  
-0.063605 -0.955368 0.288490 0.000000  
-0.027895 0.290664 0.956418 0.000000  
-1.025115 0.054242 -0.046384 0.000000  
2.036670 6.817461 0.543543 1.000000  
0.640887 -0.764778 0.066169 0.000000  
0.767601 0.639283 -0.045881 0.000000  
-0.007212 0.080196 0.996753 0.000000  
-2.133567 4.045775 1.441284 1.000000  
-0.927062 -0.315052 0.203217 0.000000  
0.138890 0.214867 0.966717 0.000000  
-0.357841 0.949944 -0.159727 0.000000  
1.960168 1.280268 1.255766 1.000000  
0.022230 -0.988314 0.150800 0.000000  
0.094655 0.152240 0.983800 0.000000  
-1.022728 -0.007805 0.099608 0.000000  
1.731789 7.186194 0.373722 1.000000  
0.732721 -0.680354 -0.015430 0.000000  
0.661074 0.716973 -0.221201 0.000000  
0.161558 0.151878 0.975106 0.000000  
-2.121020 4.095438 1.671550 1.000000  
0.029745 -0.166029 0.985672 0.000000  
0.976653 -0.205063 -0.064014 0.000000  
0.218625 0.991183 0.160360 0.000000  
-2.123250 0.173867 0.358230 1.000000  
0.525164 -0.411358 0.744975 0.000000  
0.843050 0.370871 -0.389514 0.000000  
-0.119262 0.855588 0.556509 0.000000  
-0.278576 0.562411 -1.794386 1.000000  
0.715772 0.434578 0.546638 0.000000  
0.558806 0.113024 -0.821560 0.000000  
-0.430373 0.918173 -0.166415 0.000000  
1.878067 0.871872 2.677957 1.000000  
0.952485 0.256817 0.163761 0.000000  
0.271075 -0.469577 -0.840247 0.000000  
-0.142724 0.868026 -0.531146 0.000000  
0.993861 1.286660 3.957086 1.000000  
0.120473 0.920577 -0.371516 0.000000  
0.465020 0.278309 0.840417 0.000000  
0.901269 -0.281572 -0.405447 0.000000  
-5.705862 7.541365 1.215104 1.000000  
0.348126 0.821445 -0.451703 0.000000  
0.621244 0.158692 0.767380 0.000000  
0.721417 -0.562879 -0.467632 0.000000  
-4.433538 8.529234 1.305183 1.000000  
-0.441895 0.711719 -0.546063 0.000000  
0.859308 0.510584 -0.029908 0.000000  
0.264632 -0.495766 -0.860315 0.000000  
-4.734350 7.915514 2.750503 1.000000  
-0.158873 -0.381068 0.910795 0.000000  
0.972540 0.098511 0.210859 0.000000  
0.170075 -0.919284 -0.354953 0.000000  
-2.394728 4.018718 0.904306 1.000000  
0.703899 0.411994 -0.578609 0.000000  
0.575453 0.146761 0.804559 0.000000  
0.427882 -0.924108 -0.137470 0.000000  
-2.132784 8.786073 -0.466101 1.000000  
0.509027 -0.771721 -0.381232 0.000000  
0.494772 -0.100091 0.863240 0.000000  
-0.723776 -0.645367 0.340008 0.000000  
1.917384 4.148394 -1.798893 1.000000  
0.032445 0.993588 -0.108303 0.000000  
0.916230 -0.072862 -0.393973 0.000000  
0.399338 0.086448 0.912719 0.000000  
-2.412177 4.084128 0.871301 1.000000  
0.887754 0.271760 -0.371537 0.000000  
0.384166 0.007255 0.923236 0.000000  
0.260592 -0.988896 -0.100664 0.000000  
-0.824071 8.694605 -0.073625 1.000000  
0.841797 -0.450478 -0.297401 0.000000  
0.338593 0.011571 0.940862 0.000000  
-0.431998 -0.917349 0.166747 0.000000  
1.818834 6.200421 -0.921766 1.000000  
-0.289477 0.956352 0.039905 0.000000  
0.884565 0.283211 -0.370589 0.000000  
0.365716 0.071979 0.927939 0.000000  
-2.370493 4.074751 1.081333 1.000000  
0.686337 0.556026 -0.468803 0.000000  
-0.598947 0.797780 0.069341 0.000000  
0.423943 0.239633 0.904878 0.000000  
-0.777869 4.948461 -10.519100 1.000000  
0.999476 0.031435 -0.007726 0.000000  
-0.008321 0.018825 -0.999788 0.000000  
-0.031283 0.999328 0.019076 0.000000  
-6.345972 3.488481 -10.101727 1.000000  
0.667894 -0.029918 0.743655 0.000000  
0.716573 0.295836 -0.631669 0.000000  
-0.206651 0.981119 0.225071 0.000000  
0.361061 0.109145 0.399966 1.000000  
0.623289 -0.469559 0.625320 0.000000  
0.745443 0.115163 -0.656545 0.000000  
0.242793 0.899516 0.433450 0.000000  
-2.120802 0.652579 -0.766468 1.000000  
0.346809 -0.616372 0.706971 0.000000  
0.628055 -0.407208 -0.663120 0.000000  
0.715838 0.692593 0.252678 0.000000  
-3.540299 2.737227 -0.092788 1.000000  
0.333384 -0.279883 0.900289 0.000000  
0.761226 -0.483472 -0.432190 0.000000  
0.571578 0.852299 0.053304 0.000000  
-3.546151 1.744048 -0.759403 1.000000  
0.775284 -0.110083 0.621946 0.000000  
0.631416 0.110512 -0.767529 0.000000  
0.016194 1.015019 0.159469 0.000000  
-0.809154 -0.080926 0.843553 1.000000  
0.825650 0.156591 0.542015 0.000000  
0.555544 -0.393129 -0.732680 0.000000  
0.101065 0.931056 -0.422939 0.000000  
-0.954244 1.596509 3.126881 1.000000  
0.870015 0.159928 0.466365 0.000000  
0.492391 -0.329811 -0.805466 0.000000  
0.025686 0.956078 -0.375780 0.000000  
-0.403728 1.307070 3.065337 1.000000  
0.867061 0.317866 0.383623 0.000000  
0.498071 -0.535392 -0.682115 0.000000  
-0.011748 0.804102 -0.639717 0.000000  
-0.658195 0.927928 3.361557 1.000000  
0.901392 0.325451 0.285612 0.000000  
0.226721 0.207225 -0.951659 0.000000  
-0.379085 0.948033 0.116123 0.000000  
0.157872 0.158106 2.267984 1.000000  
0.962558 -0.005563 0.271020 0.000000  
0.271035 0.002260 -0.962567 0.000000  
0.004873 1.027579 0.003784 0.000000  
0.063108 0.649651 2.290797 1.000000  
0.978587 -0.005398 0.205764 0.000000  
0.205780 0.002628 -0.978595 0.000000  
0.004873 1.027579 0.003784 0.000000  
0.065973 0.649377 2.361583 1.000000  
-0.126840 -0.003051 0.991919 0.000000  
0.004742 0.999982 0.003683 0.000000  
0.991912 -0.005171 0.126823 0.000000  
1.080769 0.074924 2.546613 1.000000  
0.812065 -0.183435 0.553987 0.000000  
0.438112 -0.435467 -0.786401 0.000000  
0.396135 0.905639 -0.280804 0.000000  
-2.101097 0.558208 1.911856 1.000000  
0.730386 -0.225191 0.644845 0.000000  
0.642017 0.548575 -0.535612 0.000000  
-0.239565 0.827426 0.560295 0.000000  
-1.165225 -0.004943 0.305378 1.000000  
0.805591 0.002938 0.592465 0.000000  
0.592239 0.024065 -0.805403 0.000000  
-0.017082 1.027295 0.018134 0.000000  
-1.050152 0.652748 0.476806 1.000000  
0.805592 0.002938 0.592465 0.000000  
0.592238 0.024065 -0.805403 0.000000  
-0.017082 1.027295 0.018134 0.000000  
-1.050152 0.652748 0.476806 1.000000  
-0.654780 -0.024223 0.755431 0.000000  
-0.016624 0.999706 0.017647 0.000000  
-0.755637 -0.001003 -0.654991 0.000000  
-1.858335 0.081560 -0.167127 1.000000  
0.766433 0.006341 0.642292 0.000000  
0.639226 -0.105617 -0.761732 0.000000  
0.064746 1.021829 -0.087348 0.000000  
-0.991277 -0.007935 1.236342 1.000000  
1.000000 0.000000 0.000000 0.000000  
0.000000 1.000000 0.000000 0.000000  
0.000000 0.000000 1.000000 0.000000  
0.000000 0.000000 0.000000 1.000000  
1.000000 0.000000 0.000000 0.000000  
0.000000 0.000000 -1.000000 0.000000  
0.000000 1.027597 0.000000 0.000000  
0.000006 0.671671 0.968041 1.000000  
-0.704351 -0.000366 0.709852 0.000000  
0.709852 -0.000754 0.704351 0.000000  
0.000277 1.000000 0.000791 0.000000  
-0.338733 3.850138 0.504340 1.000000  
1.000000 0.000009 -0.000000 0.000000  
-0.000000 0.000003 -1.000000 0.000000  
-0.000009 1.000000 0.000003 0.000000  
-0.338746 0.049620 0.504331 1.000000  
0.709851 -0.000753 0.704352 0.000000  
0.704352 0.000367 -0.709851 0.000000  
0.000283 1.027597 0.000813 0.000000  
-0.720735 -0.016991 0.885201 1.000000  
0.650994 -0.331605 0.682822 0.000000  
0.757055 0.349336 -0.552116 0.000000  
-0.056980 0.900543 0.491663 0.000000  
-0.502708 0.354419 -1.278767 1.000000  
0.441578 -0.333850 0.832798 0.000000  
0.872085 0.377881 -0.310925 0.000000  
-0.216716 0.887401 0.470649 0.000000  
0.255507 0.407891 -1.284561 1.000000  
0.441578 -0.333850 0.832798 0.000000  
0.872085 0.377881 -0.310925 0.000000  
-0.216716 0.887400 0.470649 0.000000  
0.255507 0.407892 -1.284561 1.000000  
0.967341 0.017337 0.252887 0.000000  
0.241123 0.244766 -0.939122 0.000000  
-0.080337 0.996181 0.239011 0.000000  
-0.267728 -0.225221 0.594994 1.000000  
-0.088328 0.958182 0.272186 0.000000  
-0.237594 -0.285634 0.928419 0.000000  
0.967340 0.017336 0.252888 0.000000  
-0.887144 8.976110 2.333567 1.000000  
0.509653 0.145710 0.847952 0.000000  
0.731358 0.445741 -0.516170 0.000000  
-0.465684 0.907598 0.123935 0.000000  
1.860922 0.147755 0.972473 1.000000  
-0.797368 -0.358826 0.485230 0.000000  
0.583150 -0.251113 0.772579 0.000000  
-0.159662 0.923802 0.420779 0.000000  
0.935016 0.774799 -1.331280 1.000000  
-0.990084 0.069934 0.121830 0.000000  
0.019161 -0.791932 0.610309 0.000000  
0.143003 0.623332 0.804341 0.000000  
0.112257 2.044994 -2.601515 1.000000  
-0.968969 0.197494 0.148644 0.000000  
0.151876 0.001237 0.988399 0.000000  
0.200401 1.007357 -0.032054 0.000000  
-0.259380 -0.358230 0.783525 1.000000  
-0.957790 0.046403 0.283701 0.000000  
0.283055 0.324539 0.902527 0.000000  
-0.051577 0.970806 -0.332915 0.000000  
0.737453 0.061683 1.754319 1.000000  
-0.742653 0.400299 0.536868 0.000000  
0.668257 0.495147 0.555214 0.000000  
-0.044779 0.792377 -0.652755 0.000000  
0.080829 -0.187809 2.417819 1.000000  
-0.731093 -0.375637 0.569561 0.000000  
0.234115 0.645992 0.726557 0.000000  
-0.640854 0.664524 -0.384337 0.000000  
-2.122687 4.076456 1.404004 1.000000  
-0.961467 -0.228142 0.153406 0.000000  
0.135329 0.092967 0.986430 0.000000  
-0.245912 0.995926 -0.060125 0.000000  
1.563716 0.868908 0.886295 1.000000  
-0.000827 -0.975137 0.221599 0.000000  
-0.098533 0.220601 0.970375 0.000000  
-1.022597 -0.021613 -0.098922 0.000000  
1.831274 7.178596 0.839620 1.000000  
0.696216 -0.716005 0.051182 0.000000  
0.715060 0.698022 0.038125 0.000000  
-0.063024 0.010055 0.997962 0.000000  
-2.142037 4.039027 1.324385 1.000000  
-0.907668 -0.398705 0.131049 0.000000  
0.073089 0.157313 0.984840 0.000000  
-0.424682 0.928420 -0.116784 0.000000  
2.164890 1.615865 1.183678 1.000000  
0.094097 -0.991757 0.086970 0.000000  
0.033239 0.090439 0.995347 0.000000  
-1.022467 -0.093273 0.042620 0.000000  
1.506531 7.533698 0.677754 1.000000  
0.784898 -0.619316 -0.019572 0.000000  
0.611453 0.779272 -0.137331 0.000000  
0.100303 0.095824 0.990332 0.000000  
-2.144949 4.073411 1.557741 1.000000  
-0.032686 -0.177607 0.983558 0.000000  
0.981367 -0.192134 -0.002082 0.000000  
0.194570 0.991799 0.185562 0.000000  
-2.039485 0.199656 0.221045 1.000000  
0.451246 -0.410543 0.792358 0.000000  
0.875652 0.374906 -0.304433 0.000000  
-0.176826 0.854143 0.543258 0.000000  
0.009342 0.599506 -1.744160 1.000000  
0.652071 0.456117 0.605608 0.000000  
0.633617 0.110793 -0.765673 0.000000  
-0.427824 0.907364 -0.222740 0.000000  
1.786470 0.982043 3.011497 1.000000  
0.935489 0.263093 0.235888 0.000000  
0.341247 -0.499382 -0.796347 0.000000  
-0.094246 0.848250 -0.572316 0.000000  
0.744072 1.439450 4.242732 1.000000  
0.091359 0.927440 -0.362642 0.000000  
0.466508 0.281873 0.838402 0.000000  
0.904066 -0.252554 -0.418136 0.000000  
-5.750251 7.465301 1.245101 1.000000  
0.320723 0.835412 -0.446345 0.000000  
0.625108 0.167345 0.762388 0.000000  
0.731240 -0.537977 -0.481482 0.000000  
-4.504286 8.486456 1.332417 1.000000  
-0.467020 0.705214 -0.533448 0.000000  
0.844757 0.534102 -0.033485 0.000000  
0.268513 -0.479140 -0.868495 0.000000  
-4.772429 7.849341 2.774040 1.000000  
-0.138453 -0.394977 0.908199 0.000000  
0.971768 0.122716 0.201513 0.000000  
0.191043 -0.910459 -0.366836 0.000000  
-2.348370 4.037718 0.860196 1.000000  
0.686058 0.437188 -0.581542 0.000000  
0.580068 0.153773 0.799922 0.000000  
0.451261 -0.910581 -0.152189 0.000000  
-2.230958 8.824828 -0.460450 1.000000  
0.525558 -0.753441 -0.395115 0.000000  
0.506765 -0.095799 0.856745 0.000000  
-0.702218 -0.668451 0.340618 0.000000  
1.928660 4.313763 -1.887392 1.000000  
0.004281 0.995205 -0.097716 0.000000  
0.913483 -0.043649 -0.404529 0.000000  
0.406854 0.087530 0.909290 0.000000  
-2.367950 4.102979 0.828101 1.000000  
0.875916 0.299810 -0.378003 0.000000  
0.393953 0.007845 0.919097 0.000000  
0.286206 -0.980294 -0.114310 0.000000  
-0.916009 8.764866 -0.083026 1.000000  
0.850390 -0.424164 -0.311323 0.000000  
0.348476 0.010729 0.937256 0.000000  
-0.405090 -0.930512 0.161266 0.000000  
1.784116 6.352845 -0.986757 1.000000  
-0.314864 0.947627 0.053509 0.000000  
0.872427 0.311159 -0.376896 0.000000  
0.373807 0.071988 0.924709 0.000000  
-2.323720 4.092494 1.037559 1.000000  
0.665803 0.579506 -0.469979 0.000000  
-0.619575 0.780375 0.084509 0.000000  
0.427207 0.241404 0.902871 0.000000  
-0.883007 5.133317 -10.568947 1.000000  
0.998110 0.058741 -0.018072 0.000000  
-0.019819 0.029284 -0.999375 0.000000  
-0.058175 0.997844 0.030393 0.000000  
-6.404511 3.517746 -10.108083 1.000000  
0.593276 -0.006117 0.804976 0.000000  
0.769152 0.299390 -0.564599 0.000000  
-0.244103 0.980442 0.187358 0.000000  
0.510014 0.156479 0.611204 1.000000  
0.557664 -0.472243 0.682640 0.000000  
0.805325 0.108515 -0.582818 0.000000  
0.206707 0.898904 0.452990 0.000000  
-1.990652 0.695789 -0.879511 1.000000  
0.273658 -0.631290 0.725661 0.000000  
0.678714 -0.407836 -0.610751 0.000000  
0.700320 0.677858 0.325603 0.000000  
-3.469215 2.842902 -0.340879 1.000000  
0.249720 -0.324438 0.912349 0.000000  
0.779550 -0.491552 -0.388172 0.000000  
0.590257 0.830459 0.133757 0.000000  
-3.439068 1.966195 -0.985181 1.000000  
0.719742 -0.105684 0.686150 0.000000  
0.694240 0.107124 -0.711727 0.000000  
0.001762 1.015896 0.154624 0.000000  
-0.796913 -0.050082 0.875367 1.000000  
0.785941 0.139471 0.602366 0.000000  
0.601403 -0.398654 -0.692380 0.000000  
0.147531 0.931449 -0.408159 0.000000  
-1.145215 1.607249 3.102103 1.000000  
0.844072 0.115626 0.523616 0.000000  
0.528667 -0.342868 -0.776500 0.000000  
0.092225 0.957968 -0.360207 0.000000  
-0.588857 1.276405 3.070792 1.000000  
0.827637 0.317186 0.463044 0.000000  
0.561245 -0.474506 -0.678122 0.000000  
0.004754 0.843780 -0.586488 0.000000  
-0.718023 0.775386 3.196632 1.000000  
0.868135 0.331726 0.369188 0.000000  
0.287899 0.269348 -0.919003 0.000000  
-0.415455 0.929058 0.142145 0.000000  
0.189288 0.104345 2.129012 1.000000  
0.936475 -0.004896 0.350701 0.000000  
0.350716 0.002706 -0.936478 0.000000  
0.003736 1.027581 0.004369 0.000000  
0.072320 0.652637 2.160968 1.000000  
0.975319 -0.004485 0.220755 0.000000  
0.220771 0.003344 -0.975320 0.000000  
0.003736 1.027581 0.004369 0.000000  
0.071011 0.652034 2.303953 1.000000  
-0.142045 -0.003692 0.989853 0.000000  
0.003636 0.999984 0.004251 0.000000  
0.989854 -0.004203 0.142029 0.000000  
1.083450 0.078543 2.504250 1.000000  
0.756820 -0.183057 0.627466 0.000000  
0.503232 -0.449424 -0.738089 0.000000  
0.428622 0.898492 -0.254858 0.000000  
-2.200747 0.622565 1.824816 1.000000  
0.668354 -0.221118 0.710218 0.000000  
0.696786 0.520320 -0.493718 0.000000  
-0.267556 0.847611 0.515679 0.000000  
-1.154796 0.023087 0.342767 1.000000  
0.742298 0.005591 0.670047 0.000000  
0.669085 0.048008 -0.741634 0.000000  
-0.037316 1.026396 0.032776 0.000000  
-1.059261 0.635959 0.508069 1.000000  
0.742298 0.005591 0.670047 0.000000  
0.669085 0.048008 -0.741634 0.000000  
-0.037316 1.026396 0.032776 0.000000  
-1.059262 0.635959 0.508069 1.000000  
-0.726318 -0.048302 0.685660 0.000000  
-0.036314 0.998831 0.031896 0.000000  
-0.686399 -0.001732 -0.727223 0.000000  
-1.788764 0.063152 -0.222537 1.000000  
0.695818 0.005973 0.718193 0.000000  
0.714640 -0.105443 -0.691499 0.000000  
0.073574 1.021850 -0.079781 0.000000  
-1.017305 0.021432 1.207035 1.000000  
1.000000 0.000000 0.000000 0.000000  
0.000000 1.000000 0.000000 0.000000  
0.000000 0.000000 1.000000 0.000000  
0.000000 0.000000 0.000000 1.000000  
1.000000 0.000000 0.000000 0.000000  
0.000000 0.000000 -1.000000 0.000000  
0.000000 1.027597 0.000000 0.000000  
0.000006 0.671671 0.968041 1.000000  
-0.771087 -0.000563 0.636729 0.000000  
0.636730 -0.001315 0.771086 0.000000  
0.000403 0.999999 0.001373 0.000000  
-0.286739 3.880322 0.542614 1.000000  
1.000000 0.000021 -0.000000 0.000000  
-0.000000 0.000006 -1.000000 0.000000  
-0.000021 1.000000 0.000006 0.000000  
-0.286746 0.049621 0.542605 1.000000  
0.636728 -0.001314 0.771087 0.000000  
0.771088 0.000564 -0.636728 0.000000  
0.000412 1.027596 0.001410 0.000000  
-0.705322 0.013089 0.881680 1.000000  
0.582073 -0.327002 0.744487 0.000000  
0.806647 0.347651 -0.477974 0.000000  
-0.105353 0.903005 0.478998 0.000000  
-0.272714 0.374933 -1.226373 1.000000  
0.363477 -0.333348 0.869921 0.000000  
0.895663 0.381912 -0.227886 0.000000  
-0.263340 0.885776 0.449455 0.000000  
0.488760 0.446512 -1.192968 1.000000  
0.363477 -0.333348 0.869921 0.000000  
0.895663 0.381912 -0.227886 0.000000  
-0.263340 0.885776 0.449455 0.000000  
0.488760 0.446513 -1.192968 1.000000  
0.929131 0.018020 0.369311 0.000000  
0.353599 0.248686 -0.901734 0.000000  
-0.111075 0.995142 0.230891 0.000000  
-0.190082 -0.190364 0.627775 1.000000  
-0.122982 0.957006 0.262707 0.000000  
-0.348701 -0.289508 0.891400 0.000000  
0.929131 0.018020 0.369313 0.000000  
-1.036992 9.003338 2.309859 1.000000  
0.427831 0.146461 0.891914 0.000000  
0.774383 0.449519 -0.445269 0.000000  
-0.479011 0.905501 0.081079 0.000000  
1.878021 0.189394 1.203503 1.000000  
-0.819525 -0.375642 0.432749 0.000000  
0.539602 -0.251660 0.803429 0.000000  
-0.198219 0.916557 0.420224 0.000000  
1.116315 0.861031 -1.270244 1.000000  
-0.996474 0.056451 0.062077 0.000000  
-0.007892 -0.799610 0.600467 0.000000  
0.085840 0.614359 0.819238 0.000000  
0.351621 2.140186 -2.577581 1.000000  
-0.987898 0.105825 0.113401 0.000000  
0.108760 -0.048655 0.992877 0.000000  
0.113640 1.020603 0.037566 0.000000  
0.148299 -0.145798 0.501041 1.000000  
-0.969472 -0.052050 0.239616 0.000000  
0.215016 0.289286 0.932782 0.000000  
-0.121121 0.982205 -0.276694 0.000000  
1.062581 0.293798 1.541852 1.000000  
-0.796808 0.301874 0.523421 0.000000  
0.598514 0.513215 0.615136 0.000000  
-0.085222 0.825592 -0.605881 0.000000  
0.402225 -0.051341 2.157030 1.000000  
-0.719537 -0.470874 0.510436 0.000000  
0.146011 0.616008 0.774090 0.000000  
-0.678932 0.631515 -0.374488 0.000000  
-2.116719 4.068993 1.293877 1.000000  
-0.943791 -0.317131 0.093201 0.000000  
0.084435 0.041306 0.995573 0.000000  
-0.328397 0.973630 -0.012544 0.000000  
1.852257 1.220751 0.764061 1.000000  
0.074101 -0.983851 0.162929 0.000000  
-0.158696 0.149663 0.975919 0.000000  
-1.011714 -0.100882 -0.149046 0.000000  
1.574401 7.520917 1.105555 1.000000  
0.752749 -0.656972 0.041905 0.000000  
0.649667 0.751642 0.113871 0.000000  
-0.106308 -0.058492 0.992612 0.000000  
-2.129331 4.035193 1.211335 1.000000  
-0.874523 -0.480828 0.063352 0.000000  
0.016983 0.100184 0.994824 0.000000  
-0.498063 0.895111 -0.081640 0.000000  
2.373239 1.995096 1.133870 1.000000  
0.175781 -0.983900 0.032266 0.000000  
-0.017341 0.029677 0.999409 0.000000  
-1.011440 -0.181100 -0.012172 0.000000  
1.227366 7.857108 0.949676 1.000000  
0.835675 -0.548908 -0.018632 0.000000  
0.547020 0.834878 -0.061218 0.000000  
0.049158 0.040966 0.997951 0.000000  
-2.145192 4.054362 1.445913 1.000000  
-0.088765 -0.189322 0.977895 0.000000  
0.982482 -0.178158 0.054689 0.000000  
0.168388 0.992266 0.207390 0.000000  
-1.936769 0.225986 0.094875 1.000000  
0.377193 -0.409938 0.830468 0.000000  
0.898622 0.378942 -0.221093 0.000000  
-0.230249 0.852568 0.525424 0.000000  
0.285677 0.637840 -1.673276 1.000000  
0.589114 0.473945 0.654462 0.000000  
0.699973 0.105332 -0.706359 0.000000  
-0.414853 0.898358 -0.277139 0.000000  
1.645402 1.081490 3.323020 1.000000  
0.913795 0.267362 0.305774 0.000000  
0.404227 -0.524933 -0.749030 0.000000  
-0.040848 0.830362 -0.603976 0.000000  
0.463469 1.578135 4.479930 1.000000  
0.065379 0.932790 -0.354441 0.000000  
0.469528 0.284666 0.835769 0.000000  
0.904794 -0.227162 -0.430933 0.000000  
-5.780282 7.403031 1.274569 1.000000  
0.295842 0.846997 -0.441671 0.000000  
0.629869 0.174641 0.756813 0.000000  
0.737972 -0.515948 -0.495128 0.000000  
-4.557638 8.452331 1.357762 1.000000  
-0.489597 0.699146 -0.521048 0.000000  
0.831570 0.554130 -0.037840 0.000000  
0.269511 -0.464283 -0.876221 0.000000  
-4.793953 7.795197 2.795962 1.000000  
-0.118562 -0.406874 0.905758 0.000000  
0.970913 0.143597 0.191595 0.000000  
0.208020 -0.902128 -0.378014 0.000000  
-2.303788 4.060322 0.816790 1.000000  
0.668801 0.458804 -0.584982 0.000000  
0.585600 0.159651 0.794723 0.000000  
0.470656 -0.898199 -0.166369 0.000000  
-2.313926 8.861395 -0.457538 1.000000  
0.538413 -0.737016 -0.408557 0.000000  
0.518829 -0.092113 0.849901 0.000000  
-0.682350 -0.688047 0.341975 0.000000  
1.933262 4.463443 -1.976653 1.000000  
-0.020166 0.995927 -0.087877 0.000000  
0.909474 -0.018235 -0.415362 0.000000  
0.415272 0.088298 0.905402 0.000000  
-2.325264 4.125410 0.785570 1.000000  
0.864186 0.323973 -0.385001 0.000000  
0.404356 0.008240 0.914565 0.000000  
0.307731 -0.972139 -0.127298 0.000000  
-0.993620 8.828751 -0.095790 1.000000  
0.856400 -0.401011 -0.325222 0.000000  
0.359039 0.009878 0.933271 0.000000  
-0.381279 -0.941300 0.156645 0.000000  
1.751523 6.489771 -1.054231 1.000000  
-0.336323 0.939395 0.066508 0.000000  
0.860445 0.335226 -0.383741 0.000000  
0.382780 0.071835 0.921043 0.000000  
-2.278361 4.113948 0.994395 1.000000  
0.646522 0.599522 -0.471788 0.000000  
-0.636652 0.764728 0.099329 0.000000  
0.431939 0.242663 0.900278 0.000000  
-0.997905 5.300375 -10.616927 1.000000  
0.996182 0.082383 -0.028901 0.000000  
-0.032155 0.038455 -0.998743 0.000000  
-0.081168 0.995859 0.040958 0.000000  
-6.474288 3.550922 -10.108976 1.000000  
0.517018 0.014480 0.855853 0.000000  
0.814571 0.298884 -0.497136 0.000000  
-0.270256 0.980513 0.146673 0.000000  
0.602857 0.200510 0.831177 1.000000  
0.490391 -0.475102 0.730613 0.000000  
0.855389 0.101929 -0.507859 0.000000  
0.171418 0.898127 0.468977 0.000000  
-1.853616 0.740349 -0.982264 1.000000  
0.203360 -0.646199 0.735576 0.000000  
0.722425 -0.408059 -0.558202 0.000000  
0.679107 0.662712 0.394441 0.000000  
-3.375113 2.950051 -0.575048 1.000000  
0.169457 -0.368734 0.913958 0.000000  
0.794412 -0.497730 -0.348100 0.000000  
0.599358 0.806713 0.214340 0.000000  
-3.310895 2.188447 -1.191223 1.000000  
0.662604 -0.101628 0.742043 0.000000  
0.748896 0.103840 -0.654502 0.000000  
-0.010829 1.016693 0.148912 0.000000  
-0.784419 -0.018426 0.903365 1.000000  
0.744769 0.121865 0.656101 0.000000  
0.641053 -0.403798 -0.652686 0.000000  
0.190509 0.931718 -0.389314 0.000000  
-1.317225 1.618265 3.058861 1.000000  
0.815129 0.070489 0.574976 0.000000  
0.559260 -0.354452 -0.749395 0.000000  
0.155144 0.958146 -0.337407 0.000000  
-0.760066 1.246094 3.054433 1.000000  
0.783124 0.315862 0.535676 0.000000  
0.621730 -0.415651 -0.663841 0.000000  
0.013330 0.876454 -0.536290 0.000000  
-0.745067 0.651151 3.035393 1.000000  
0.828895 0.336352 0.446991 0.000000  
0.344896 0.321831 -0.881743 0.000000  
-0.452587 0.909462 0.154918 0.000000  
0.242374 0.073426 2.015106 1.000000  
0.903292 -0.001050 0.429026 0.000000  
0.429027 0.000824 -0.903292 0.000000  
0.000612 1.027596 0.001228 0.000000  
0.101946 0.667713 2.049883 1.000000  
0.968992 -0.000872 0.247091 0.000000  
0.247092 0.001010 -0.968992 0.000000  
0.000612 1.027596 0.001227 0.000000  
0.088653 0.667478 2.253387 1.000000  
-0.168787 -0.001077 0.985652 0.000000  
0.000595 0.999999 0.001194 0.000000  
0.985653 -0.000789 0.168786 0.000000  
1.096969 0.097653 2.482827 1.000000  
0.698142 -0.183048 0.692165 0.000000  
0.559759 -0.463219 -0.687094 0.000000  
0.458714 0.891065 -0.227027 0.000000  
-2.285484 0.688428 1.729778 1.000000  
0.604091 -0.217482 0.766665 0.000000  
0.746460 0.491298 -0.448803 0.000000  
-0.286755 0.866678 0.471801 0.000000  
-1.150936 0.054706 0.373868 1.000000  
0.674965 0.008060 0.737806 0.000000  
0.735528 0.071928 -0.673666 0.000000  
-0.060113 1.024902 0.043797 0.000000  
-1.072322 0.622390 0.531183 1.000000  
0.674965 0.008060 0.737806 0.000000  
0.735528 0.071928 -0.673666 0.000000  
-0.060113 1.024902 0.043797 0.000000  
-1.072322 0.622390 0.531183 1.000000  
-0.787161 -0.072342 0.612490 0.000000  
-0.058499 0.997377 0.042621 0.000000  
-0.613967 -0.002281 -0.789329 0.000000  
-1.717820 0.048484 -0.273821 1.000000  
0.621397 0.005408 0.783477 0.000000  
0.779490 -0.105259 -0.617508 0.000000  
0.081312 1.021874 -0.071544 0.000000  
-1.032252 0.051417 1.172633 1.000000  
1.000000 0.000000 0.000000 0.000000  
0.000000 1.000000 0.000000 0.000000  
0.000000 0.000000 1.000000 0.000000  
0.000000 0.000000 0.000000 1.000000  
1.000000 0.000000 0.000000 0.000000  
0.000000 0.000000 -1.000000 0.000000  
0.000000 1.027597 0.000000 0.000000  
0.000006 0.671671 0.968041 1.000000  
-0.825459 -0.000801 0.564461 0.000000  
0.564462 -0.002245 0.825456 0.000000  
0.000606 0.999997 0.002305 0.000000  
-0.232916 3.911780 0.580300 1.000000  
1.000000 -0.000040 -0.000000 0.000000  
-0.000000 -0.000010 -1.000000 0.000000  
0.000040 1.000000 -0.000010 0.000000  
-0.232909 0.049624 0.580318 1.000000  
0.564460 -0.002243 0.825457 0.000000  
0.825460 0.000802 -0.564460 0.000000  
0.000621 1.027594 0.002368 0.000000  
-0.681690 0.044425 0.876675 1.000000  
0.514243 -0.322701 0.794619 0.000000  
0.845521 0.345993 -0.406674 0.000000  
-0.147664 0.905308 0.463215 0.000000  
-0.060741 0.397385 -1.159712 1.000000  
0.290415 -0.333288 0.896983 0.000000  
0.910029 0.385977 -0.151223 0.000000  
-0.303978 0.883937 0.426860 0.000000  
0.703665 0.487345 -1.094183 1.000000  
0.290415 -0.333288 0.896983 0.000000  
0.910029 0.385977 -0.151223 0.000000  
-0.303978 0.883937 0.426860 0.000000  
0.703666 0.487346 -1.094183 1.000000  
0.880887 0.018345 0.472972 0.000000  
0.453600 0.252758 -0.854611 0.000000  
-0.138957 0.994052 0.220245 0.000000  
-0.108430 -0.154426 0.665712 1.000000  
-0.154329 0.955774 0.250359 0.000000  
-0.447463 -0.293531 0.844759 0.000000  
0.880886 0.018344 0.472973 0.000000  
-1.162643 9.031246 2.272844 1.000000  
0.350652 0.146745 0.924937 0.000000  
0.807182 0.453444 -0.377951 0.000000  
-0.487974 0.903383 0.041670 0.000000  
1.887468 0.231985 1.410339 1.000000  
-0.833261 -0.394174 0.387690 0.000000  
0.503615 -0.251781 0.826425 0.000000  
-0.234439 0.908266 0.419580 0.000000  
1.289412 0.955016 -1.221280 1.000000  
-0.999069 0.041365 0.012274 0.000000  
-0.026205 -0.807679 0.589039 0.000000  
0.035225 0.604401 0.830310 0.000000  
0.567621 2.243257 -2.555282 1.000000  
-0.996877 0.008697 0.078487 0.000000  
0.077300 -0.095707 0.992404 0.000000  
0.016588 1.022841 0.097350 0.000000  
0.589430 0.126018 0.268537 1.000000  
-0.968333 -0.153856 0.196621 0.000000  
0.153666 0.253407 0.955077 0.000000  
-0.202200 0.981403 -0.227859 0.000000  
1.421000 0.586318 1.368111 1.000000  
-0.839660 0.197369 0.505982 0.000000  
0.525716 0.529271 0.665954 0.000000  
-0.140126 0.847950 -0.563296 0.000000  
0.774151 0.147581 1.936204 1.000000  
-0.690273 -0.563091 0.454371 0.000000  
0.060215 0.581090 0.811609 0.000000  
-0.721040 0.587591 -0.367204 0.000000  
-2.085498 4.064255 1.195036 1.000000  
-0.912841 -0.406614 0.037250 0.000000  
0.044613 -0.008641 0.998967 0.000000  
-0.417073 0.938771 0.026746 0.000000  
2.148092 1.624631 0.674546 1.000000  
0.159630 -0.980763 0.112345 0.000000  
-0.206703 0.078074 0.975284 0.000000  
-0.991934 -0.183844 -0.195514 0.000000  
1.272110 7.843098 1.344807 1.000000  
0.808738 -0.587003 0.037027 0.000000  
0.572286 0.799867 0.180836 0.000000  
-0.135769 -0.125059 0.982816 0.000000  
-2.091949 4.034263 1.110340 1.000000  
-0.827593 -0.561327 0.001442 0.000000  
-0.027964 0.043794 0.998649 0.000000  
-0.576105 0.849241 -0.053374 0.000000  
2.581079 2.420594 1.106699 1.000000  
0.265473 -0.964019 -0.013864 0.000000  
-0.055708 -0.029693 0.998006 0.000000  
-0.989071 -0.271461 -0.063286 0.000000  
0.901034 8.154711 1.193294 1.000000  
0.883337 -0.468526 -0.014134 0.000000  
0.468644 0.883364 0.006458 0.000000  
0.009459 -0.012328 0.999879 0.000000  
-2.117894 4.038352 1.344767 1.000000  
-0.133565 -0.201928 0.970250 0.000000  
0.981516 -0.162359 0.101325 0.000000  
0.140852 0.992504 0.225950 0.000000  
-1.815835 0.253595 -0.015623 1.000000  
0.307726 -0.409755 0.858723 0.000000  
0.912419 0.383009 -0.144209 0.000000  
-0.277254 0.850740 0.505301 0.000000  
0.540899 0.678629 -1.589624 1.000000  
0.533553 0.485876 0.692276 0.000000  
0.756108 0.092744 -0.647842 0.000000  
-0.389433 0.893078 -0.326664 0.000000  
1.449343 1.160155 3.600190 1.000000  
0.888301 0.269144 0.372133 0.000000  
0.459066 -0.544027 -0.702349 0.000000  
0.013788 0.816663 -0.623561 0.000000  
0.166097 1.688828 4.657607 1.000000  
0.039460 0.938568 -0.342833 0.000000  
0.471607 0.284988 0.834488 0.000000  
0.905237 -0.199982 -0.443294 0.000000  
-5.814724 7.335064 1.311285 1.000000  
0.270940 0.859418 -0.433582 0.000000  
