2000  
57 
1.000000 0.000000 0.000000 0.000000  
0.000000 1.000000 0.000000 0.000000  
0.000000 0.000000 1.000000 0.000000  
0.000000 0.000000 0.000000 1.000000  
1.000000 0.000000 0.000000 0.000000  
0.000000 0.000000 -1.000000 0.000000  
0.000000 1.027597 0.000000 0.000000  
0.000006 0.671671 0.968041 1.000000  
-0.543548 -0.000000 0.839378 0.000000  
0.839378 -0.000000 0.543548 0.000000  
0.000000 1.000000 0.000000 0.000000  
-0.440893 3.790957 0.427000 1.000000  
1.000000 0.000000 -0.000000 0.000000  
-0.000000 0.000000 -1.000000 0.000000  
0.000000 1.000000 0.000000 0.000000  
-0.440893 0.049622 0.427000 1.000000  
0.839378 0.000001 0.543549 0.000000  
0.543549 0.000001 -0.839378 0.000000  
-0.000002 1.027597 0.000000 0.000000  
-0.734854 -0.075975 0.880971 1.000000  
0.773556 -0.341107 0.534096 0.000000  
0.631980 0.352652 -0.690100 0.000000  
0.048346 0.895416 0.501846 0.000000  
-0.983292 0.315458 -1.325666 1.000000  
0.592752 -0.335226 0.732303 0.000000  
0.797684 0.369800 -0.476390 0.000000  
-0.114174 0.890442 0.500034 0.000000  
-0.234584 0.332734 -1.416228 1.000000  
0.592752 -0.335226 0.732303 0.000000  
0.797684 0.369800 -0.476390 0.000000  
-0.114174 0.890442 0.500034 0.000000  
-0.234584 0.332734 -1.416228 1.000000  
0.999882 0.015211 0.001901 0.000000  
-0.001767 0.237530 -0.971378 0.000000  
-0.015647 0.998065 0.244084 0.000000  
-0.412300 -0.293313 0.544513 1.000000  
-0.015139 0.960321 0.278486 0.000000  
0.002409 -0.278482 0.960438 0.000000  
0.999882 0.015211 0.001902 0.000000  
-0.555858 8.921806 2.314198 1.000000  
0.666112 0.143793 0.731859 0.000000  
0.620201 0.438265 -0.650595 0.000000  
-0.425733 0.911756 0.208348 0.000000  
1.777599 0.065461 0.486115 1.000000  
-0.826854 -0.214178 0.520039 0.000000  
0.551785 -0.129993 0.823793 0.000000  
-0.111840 0.994823 0.231893 0.000000  
0.875840 0.122875 -0.377703 1.000000  
-0.986534 0.143582 0.078322 0.000000  
-0.035966 -0.657603 0.752506 0.000000  
0.163954 0.759966 0.671958 0.000000  
0.156537 1.158908 -1.882383 1.000000  
-0.906175 0.365573 0.212609 0.000000  
0.267794 0.106927 0.957524 0.000000  
0.336344 0.950138 -0.200169 0.000000  
-0.951687 -0.615722 1.484946 1.000000  
-0.900503 0.233648 0.366745 0.000000  
0.432382 0.391407 0.812309 0.000000  
0.047524 0.914624 -0.466004 0.000000  
0.203768 -0.234553 2.279981 1.000000  
-0.608460 0.579312 0.542378 0.000000  
0.793531 0.452091 0.407336 0.000000  
-0.009485 0.696959 -0.755059 0.000000  
-0.397417 -0.288168 3.034525 1.000000  
-0.703547 -0.177662 0.688082 0.000000  
0.408939 0.690658 0.596457 0.000000  
-0.581197 0.701020 -0.413258 0.000000  
-2.077425 4.099866 1.623860 1.000000  
-0.958772 -0.051573 0.279458 0.000000  
0.264346 0.199057 0.943662 0.000000  
-0.107174 1.005637 -0.182108 0.000000  
1.026460 0.311362 1.225020 1.000000  
-0.112964 -0.925204 0.362265 0.000000  
0.050793 0.358745 0.932053 0.000000  
-1.019685 0.127102 0.006647 0.000000  
2.181193 6.438592 0.220249 1.000000  
0.588366 -0.803841 0.087552 0.000000  
0.806436 0.575440 -0.136124 0.000000  
0.059041 0.150696 0.986816 0.000000  
-2.111298 4.055840 1.552946 1.000000  
-0.932849 -0.229924 0.277359 0.000000  
0.212153 0.271641 0.938724 0.000000  
-0.299213 0.960320 -0.210268 0.000000  
1.759010 0.986662 1.348024 1.000000  
-0.038186 -0.974099 0.222876 0.000000  
0.164745 0.213850 0.962875 0.000000  
-1.012796 0.075514 0.156515 0.000000  
1.893234 6.816112 0.040491 1.000000  
0.680778 -0.732472 -0.005107 0.000000  
0.695176 0.648281 -0.310584 0.000000  
0.230805 0.207888 0.950532 0.000000  
-2.081317 4.120563 1.777797 1.000000  
-0.062491 0.016695 0.997906 0.000000  
0.967851 -0.243068 0.064676 0.000000  
0.250362 0.996631 -0.000995 0.000000  
-2.157603 0.022408 1.163814 1.000000  
0.593778 -0.412106 0.691083 0.000000  
0.802424 0.366815 -0.470703 0.000000  
-0.061163 0.857053 0.563627 0.000000  
-0.564071 0.525127 -1.819918 1.000000  
0.772738 0.413306 0.481720 0.000000  
0.479747 0.116611 -0.869623 0.000000  
-0.427064 0.928017 -0.111158 0.000000  
1.936983 0.766757 2.336732 1.000000  
0.963823 0.250434 0.091253 0.000000  
0.197089 -0.439128 -0.876540 0.000000  
-0.184396 0.886626 -0.485642 0.000000  
1.207488 1.139961 3.645010 1.000000  
0.152217 0.909103 -0.387765 0.000000  
0.467030 0.279610 0.838869 0.000000  
0.895080 -0.317310 -0.392560 0.000000  
-5.636608 7.634426 1.165373 1.000000  
0.377254 0.801387 -0.464175 0.000000  
0.619976 0.153793 0.769400 0.000000  
0.706960 -0.593989 -0.450932 0.000000  
-4.334596 8.583551 1.247424 1.000000  
-0.415072 0.714646 -0.563023 0.000000  
0.875137 0.482791 -0.032362 0.000000  
0.255558 -0.520124 -0.848597 0.000000  
-4.665710 8.007228 2.701488 1.000000  
-0.177806 -0.358466 0.916453 0.000000  
0.973497 0.072046 0.217053 0.000000  
0.143833 -0.930758 -0.336156 0.000000  
-2.435533 4.004642 0.948514 1.000000  
0.720951 0.378660 -0.580384 0.000000  
0.573546 0.144011 0.806415 0.000000  
0.399673 -0.939494 -0.116483 0.000000  
-2.013287 8.734458 -0.509171 1.000000  
0.487450 -0.794398 -0.362386 0.000000  
0.484695 -0.099031 0.869058 0.000000  
-0.746309 -0.615807 0.346062 0.000000  
1.899283 3.947777 -1.720666 1.000000  
0.064495 0.989840 -0.126715 0.000000  
0.916503 -0.108989 -0.384892 0.000000  
0.394792 0.091311 0.914221 0.000000  
-2.450661 4.069925 0.914139 1.000000  
0.898702 0.236720 -0.369186 0.000000  
0.377058 0.012846 0.926100 0.000000  
0.230150 -0.998303 -0.079857 0.000000  
-0.711168 8.609602 -0.104165 1.000000  
0.829494 -0.482181 -0.281852 0.000000  
0.331508 0.018922 0.943262 0.000000  
-0.461895 -0.900038 0.180387 0.000000  
1.858507 6.018243 -0.883176 1.000000  
-0.259574 0.965526 0.019483 0.000000  
0.895867 0.248282 -0.368481 0.000000  
0.360615 0.078194 0.929431 0.000000  
-2.410918 4.063257 1.124650 1.000000  
0.707077 0.525240 -0.473459 0.000000  
-0.574093 0.817303 0.049323 0.000000  
0.424260 0.243474 0.903703 0.000000  
-0.702019 4.665254 -10.476514 1.000000  
1.000000 0.000002 0.000001 0.000000  
0.000001 -0.000001 -0.999999 0.000000  
-0.000003 1.000000 -0.000001 0.000000  
-6.316323 3.388395 -10.078092 1.000000  
0.735231 -0.053412 0.675709 0.000000  
0.658330 0.293591 -0.693114 0.000000  
-0.165814 0.980777 0.257948 0.000000  
0.195219 0.067121 0.203879 1.000000  
0.682703 -0.466796 0.562155 0.000000  
0.679220 0.121762 -0.723764 0.000000  
0.276836 0.900116 0.411228 0.000000  
-2.236831 0.609390 -0.651831 1.000000  
0.418023 -0.601215 0.681027 0.000000  
0.573948 -0.406304 -0.710985 0.000000  
0.723592 0.707072 0.180057 0.000000  
-3.584157 2.631767 0.150028 1.000000  
0.414256 -0.234913 0.879322 0.000000  
0.741244 -0.473552 -0.475716 0.000000  
0.542733 0.872287 -0.022652 0.000000  
-3.623127 1.520969 -0.533476 1.000000  
0.824818 -0.114557 0.553671 0.000000  
0.564568 0.113840 -0.817498 0.000000  
0.031465 1.014107 0.162948 0.000000  
-0.824497 -0.111642 0.807311 1.000000  
0.860174 0.173465 0.479594 0.000000  
0.507316 -0.387400 -0.769774 0.000000  
0.053708 0.930433 -0.432858 0.000000  
-0.761369 1.585980 3.128682 1.000000  
0.889795 0.203512 0.408469 0.000000  
0.454547 -0.315515 -0.832969 0.000000  
-0.041763 0.952418 -0.383551 0.000000  
-0.221731 1.337819 3.037579 1.000000  
0.897742 0.325904 0.296389 0.000000  
0.438216 -0.591936 -0.676445 0.000000  
-0.046255 0.757499 -0.692828 0.000000  
-0.532502 1.100477 3.521431 1.000000  
0.924952 0.326301 0.194912 0.000000  
0.155585 0.142833 -0.977441 0.000000  
-0.356350 0.960199 0.083591 0.000000  
0.194286 0.236352 2.415140 1.000000  
0.982720 -0.000002 0.185099 0.000000  
0.185099 0.000002 -0.982720 0.000000  
0.000001 1.027597 0.000003 0.000000  
0.115016 0.671664 2.428743 1.000000  
0.982720 -0.000002 0.185099 0.000000  
0.185100 0.000002 -0.982720 0.000000  
0.000001 1.027597 0.000003 0.000000  
0.115016 0.671664 2.428743 1.000000  
-0.105895 -0.000002 0.994377 0.000000  
0.000001 1.000000 0.000003 0.000000  
0.994377 -0.000001 0.105895 0.000000  
1.136240 0.102713 2.594387 1.000000  
0.859657 -0.184124 0.476537 0.000000  
0.368905 -0.421555 -0.828372 0.000000  
0.363163 0.912417 -0.302595 0.000000  
-1.997056 0.495003 1.980790 1.000000  
0.785449 -0.229612 0.574759 0.000000  
0.585716 0.575857 -0.570373 0.000000  
-0.205534 0.806299 0.602988 0.000000  
-1.184154 -0.030190 0.259649 1.000000  
0.860412 -0.000002 0.509599 0.000000  
0.509599 0.000001 -0.860412 0.000000  
0.000001 1.027597 0.000002 0.000000  
-1.047496 0.671672 0.435291 1.000000  
0.860412 -0.000002 0.509599 0.000000  
0.509599 0.000001 -0.860412 0.000000  
0.000001 1.027597 0.000002 0.000000  
-1.047496 0.671672 0.435291 1.000000  
-0.576791 -0.000001 0.816892 0.000000  
0.000001 1.000000 0.000002 0.000000  
-0.816892 0.000002 -0.576791 0.000000  
-1.924004 0.102725 -0.114343 1.000000  
0.828484 0.006734 0.559973 0.000000  
0.557433 -0.105792 -0.823454 0.000000  
0.055178 1.021807 -0.093923 0.000000  
-0.959022 -0.037378 1.256826 1.000000  
1.000000 0.000000 0.000000 0.000000  
0.000000 1.000000 0.000000 0.000000  
0.000000 0.000000 1.000000 0.000000  
0.000000 0.000000 0.000000 1.000000  
1.000000 0.000000 0.000000 0.000000  
0.000000 0.000000 -1.000000 0.000000  
0.000000 1.027597 0.000000 0.000000  
0.000006 0.671671 0.968041 1.000000  
-0.552076 -0.044570 0.832602 0.000000  
0.833308 0.004577 0.552789 0.000000  
-0.028448 0.998996 0.034614 0.000000  
-0.438593 3.745654 0.448385 1.000000  
1.000000 -0.000580 0.000731 0.000000  
0.000731 0.000377 -1.000000 0.000000  
0.000580 1.000000 0.000377 0.000000  
-0.436495 0.056336 0.445701 1.000000  
0.833308 0.004578 0.552791 0.000000  
0.552077 0.044571 -0.832601 0.000000  
-0.029235 1.026565 0.035569 0.000000  
-0.627157 -0.141500 0.764842 1.000000  
0.777319 -0.337705 0.530784 0.000000  
0.628874 0.394137 -0.670205 0.000000  
0.017603 0.878347 0.533059 0.000000  
-0.863542 0.319631 -1.429621 1.000000  
0.594359 -0.343827 0.726994 0.000000  
0.791779 0.408455 -0.454148 0.000000  
-0.144682 0.868880 0.529217 0.000000  
-0.114721 0.361066 -1.510960 1.000000  
0.594358 -0.343827 0.726994 0.000000  
0.791779 0.408455 -0.454147 0.000000  
-0.144682 0.868880 0.529216 0.000000  
-0.114721 0.361067 -1.510960 1.000000  
0.999240 0.032843 0.020978 0.000000  
0.010758 0.284915 -0.958492 0.000000  
-0.038491 0.984428 0.292193 0.000000  
-0.353259 -0.321840 0.331587 1.000000  
-0.037879 0.945053 0.324714 0.000000  
-0.009162 -0.325262 0.945579 0.000000  
0.999240 0.032843 0.020979 0.000000  
-0.699285 8.791164 2.546132 1.000000  
0.654638 0.136749 0.743470 0.000000  
0.613684 0.478144 -0.628306 0.000000  
-0.453588 0.891512 0.235413 0.000000  
1.884066 0.084628 0.401057 1.000000  
-0.831706 -0.258621 0.491305 0.000000  
0.538544 -0.160559 0.827158 0.000000  
-0.138764 0.978829 0.280346 0.000000  
0.976414 0.181106 -0.554812 1.000000  
-0.992059 0.096874 0.080209 0.000000  
-0.007476 -0.682037 0.731280 0.000000  
0.129012 0.744878 0.696038 0.000000  
0.267875 1.211454 -1.964402 1.000000  
-0.923116 0.320375 0.212642 0.000000  
0.243121 0.057852 0.968269 0.000000  
0.306129 0.971617 -0.134917 0.000000  
-0.805136 -0.713517 1.211168 1.000000  
-0.916011 0.179618 0.358693 0.000000  
0.400440 0.356151 0.844277 0.000000  
0.024558 0.942309 -0.409153 0.000000  
0.318480 -0.341472 2.054682 1.000000  
-0.640451 0.523902 0.561560 0.000000  
0.767792 0.453773 0.452312 0.000000  
-0.018347 0.740738 -0.711987 0.000000  
-0.296466 -0.461572 2.790243 1.000000  
-0.711322 -0.243357 0.659392 0.000000  
0.370880 0.666954 0.646236 0.000000  
-0.597050 0.704237 -0.384163 0.000000  
-2.102718 3.943104 1.605531 1.000000  
-0.962078 -0.101629 0.253133 0.000000  
0.236656 0.150478 0.959870 0.000000  
-0.139385 1.010514 -0.124052 0.000000  
1.143466 0.295626 1.054036 1.000000  
-0.087329 -0.948837 0.303449 0.000000  
0.017789 0.303079 0.952800 0.000000  
-1.023508 0.091050 -0.009853 0.000000  
2.098092 6.508862 0.445497 1.000000  
0.614919 -0.786797 0.053145 0.000000  
0.787926 0.610240 -0.082330 0.000000  
0.032346 0.092501 0.995187 0.000000  
-2.133450 3.902313 1.531327 1.000000  
-0.929709 -0.278520 0.240973 0.000000  
0.182001 0.221375 0.958055 0.000000  
-0.329019 0.960361 -0.159405 0.000000  
1.848403 0.987202 1.234530 1.000000  
-0.007858 -0.986564 0.163189 0.000000  
0.136197 0.160617 0.977575 0.000000  
-1.017990 0.030733 0.136778 0.000000  
1.800653 6.886386 0.281909 1.000000  
0.706671 -0.706778 -0.032865 0.000000  
0.677891 0.689632 -0.254697 0.000000  
0.202679 0.157708 0.966462 0.000000  
-2.110661 3.954276 1.760296 1.000000  
-0.082144 -0.036376 0.995956 0.000000  
0.971666 -0.225152 0.071917 0.000000  
0.227742 1.000514 0.055326 0.000000  
-2.083234 -0.064511 0.917048 1.000000  
0.599166 -0.417248 0.683304 0.000000  
0.795575 0.405989 -0.449702 0.000000  
-0.092254 0.835504 0.591082 0.000000  
-0.439300 0.553755 -1.903743 1.000000  
0.753370 0.413461 0.511354 0.000000  
0.488701 0.168288 -0.856067 0.000000  
-0.452148 0.919530 -0.077353 0.000000  
2.000762 0.712942 2.242751 1.000000  
0.954083 0.274803 0.119202 0.000000  
0.224306 -0.391695 -0.892335 0.000000  
-0.204004 0.902332 -0.447364 0.000000  
1.244658 1.003555 3.547524 1.000000  
0.125947 0.935468 -0.330208 0.000000  
0.438002 0.246221 0.864597 0.000000  
0.914672 -0.260522 -0.389178 0.000000  
-5.781653 7.365964 1.271156 1.000000  
0.356490 0.840774 -0.407447 0.000000  
0.597061 0.130424 0.791522 0.000000  
0.738465 -0.539941 -0.468069 0.000000  
-4.518594 8.355509 1.439354 1.000000  
-0.429679 0.731147 -0.529906 0.000000  
0.856710 0.515528 0.016639 0.000000  
0.293222 -0.459158 -0.871292 0.000000  
-4.858745 7.682193 2.848975 1.000000  
-0.183712 -0.418480 0.889451 0.000000  
0.965189 0.094577 0.243853 0.000000  
0.186169 -0.903288 -0.386537 0.000000  
-2.441443 3.874895 0.918060 1.000000  
0.718369 0.438536 -0.540029 0.000000  
0.550251 0.116772 0.826793 0.000000  
0.437386 -0.915686 -0.161764 0.000000  
-2.167528 8.695147 -0.250028 1.000000  
0.524856 -0.753142 -0.396614 0.000000  
0.469348 -0.132645 0.872993 0.000000  
-0.729693 -0.662128 0.291701 0.000000  
1.948665 4.135028 -1.646638 1.000000  
0.029651 0.997310 -0.067029 0.000000  
0.928019 -0.052380 -0.368832 0.000000  
0.371351 0.051268 0.927076 0.000000  
-2.458293 3.941505 0.887215 1.000000  
0.896799 0.290906 -0.333353 0.000000  
0.356351 -0.028359 0.933921 0.000000  
0.269466 -0.982723 -0.132660 0.000000  
-0.870600 8.594161 0.177653 1.000000  
0.853021 -0.433959 -0.289887 0.000000  
0.310246 -0.024982 0.950327 0.000000  
-0.431227 -0.925439 0.116451 0.000000  
1.811523 6.149269 -0.690652 1.000000  
-0.296326 0.952533 0.069793 0.000000  
0.893514 0.302294 -0.332040 0.000000  
0.337377 0.036031 0.940679 0.000000  
-2.422849 3.923814 1.097856 1.000000  
0.696662 0.577907 -0.425070 0.000000  
-0.605571 0.791402 0.083465 0.000000  
0.395252 0.204762 0.926177 0.000000  
-0.489564 5.275270 -10.404566 1.000000  
0.999051 0.036558 0.023645 0.000000  
0.021449 0.059342 -0.998007 0.000000  
-0.037889 0.997568 0.058502 0.000000  
-6.058711 3.772630 -10.214373 1.000000  
0.726612 -0.062212 0.684225 0.000000  
0.659501 0.342326 -0.669232 0.000000  
-0.197908 0.963392 0.297764 0.000000  
0.311080 0.058681 0.054323 1.000000  
0.692060 -0.464538 0.552501 0.000000  
0.682974 0.173625 -0.709507 0.000000  
0.240114 0.892330 0.449498 0.000000  
-2.093154 0.549075 -0.786512 1.000000  
0.428973 -0.613895 0.662658 0.000000  
0.593717 -0.361261 -0.719021 0.000000  
0.699584 0.721241 0.215291 0.000000  
-3.527632 2.510858 0.082928 1.000000  
0.426314 -0.219649 0.877503 0.000000  
0.783970 -0.394232 -0.479554 0.000000  
0.463727 0.917003 0.004246 0.000000  
-3.485614 1.123262 -0.629001 1.000000  
0.824543 -0.109809 0.555041 0.000000  
0.565696 0.178643 -0.805030 0.000000  
-0.011052 1.004751 0.215197 0.000000  
-0.640447 -0.173531 0.587018 1.000000  
0.850365 0.183445 0.493180 0.000000  
0.525804 -0.332241 -0.783036 0.000000  
0.020768 0.950716 -0.389441 0.000000  
-0.663673 1.424904 3.011471 1.000000  
0.905474 0.206724 0.370650 0.000000  
0.421567 -0.337341 -0.841714 0.000000  
-0.050318 0.943749 -0.403437 0.000000  
0.043455 1.517935 2.973625 1.000000  
0.884976 0.333114 0.325351 0.000000  
0.464892 -0.592581 -0.657817 0.000000  
-0.027058 0.753645 -0.698028 0.000000  
-0.613579 1.068733 3.542619 1.000000  
0.916140 0.335722 0.219038 0.000000  
0.164281 0.183981 -0.969104 0.000000  
-0.375739 0.949314 0.116529 0.000000  
0.191487 0.186993 2.378808 1.000000  
0.982791 -0.001662 0.184715 0.000000  
0.184717 0.001117 -0.982791 0.000000  
0.001466 1.027595 0.001443 0.000000  
0.111219 0.666349 2.423053 1.000000  
0.982792 -0.001657 0.184710 0.000000  
0.184712 0.001124 -0.982792 0.000000  
0.001460 1.027595 0.001450 0.000000  
0.111216 0.666341 2.423062 1.000000  
-0.105503 -0.001253 0.994418 0.000000  
0.001420 0.999998 0.001411 0.000000  
0.994418 -0.001561 0.105501 0.000000  
1.131697 0.095710 2.587500 1.000000  
0.861354 -0.192489 0.470123 0.000000  
0.357119 -0.428735 -0.829851 0.000000  
0.371266 0.907046 -0.308846 0.000000  
-2.015059 0.467439 2.018806 1.000000  
0.785127 -0.240199 0.570859 0.000000  
0.584058 0.593791 -0.553433 0.000000  
-0.211723 0.789123 0.623229 0.000000  
-1.185038 -0.055462 0.239626 1.000000  
0.860589 -0.000669 0.509299 0.000000  
0.509299 0.000166 -0.860590 0.000000  
0.000505 1.027597 0.000497 0.000000  
-1.048999 0.670844 0.432909 1.000000  
0.860589 -0.000669 0.509299 0.000000  
0.509299 0.000166 -0.860590 0.000000  
0.000505 1.027597 0.000497 0.000000  
-1.048999 0.670844 0.432909 1.000000  
-0.576506 -0.000112 0.817093 0.000000  
0.000491 1.000000 0.000483 0.000000  
-0.817093 0.000680 -0.576506 0.000000  
-1.925978 0.102591 -0.116693 1.000000  
0.826610 0.051887 0.560378 0.000000  
0.562642 -0.097897 -0.820884 0.000000  
0.012605 1.021270 -0.113155 0.000000  
-0.798060 -0.122409 1.373223 1.000000  
1.000000 0.000000 0.000000 0.000000  
0.000000 1.000000 0.000000 0.000000  
0.000000 0.000000 1.000000 0.000000  
0.000000 0.000000 0.000000 1.000000  
1.000000 0.000000 0.000000 0.000000  
0.000000 0.000000 -1.000000 0.000000  
0.000000 1.027597 0.000000 0.000000  
0.000006 0.671671 0.968041 1.000000  
-0.559147 -0.089368 0.824238 0.000000  
0.827061 0.009023 0.562040 0.000000  
-0.057665 0.995958 0.068868 0.000000  
-0.436369 3.700615 0.469772 1.000000  
1.000000 -0.000349 0.000647 0.000000  
0.000647 0.000085 -1.000000 0.000000  
0.000349 1.000000 0.000085 0.000000  
-0.435263 0.055275 0.467994 1.000000  
0.827060 0.009024 0.562041 0.000000  
0.559148 0.089369 -0.824237 0.000000  
-0.059259 1.023443 0.070768 0.000000  
-0.515779 -0.199020 0.649248 1.000000  
0.781217 -0.333738 0.527559 0.000000  
0.624125 0.435094 -0.648970 0.000000  
-0.013309 0.859327 0.563326 0.000000  
-0.742661 0.331587 -1.530469 1.000000  
0.596489 -0.351930 0.721350 0.000000  
0.784303 0.446494 -0.430711 0.000000  
-0.175204 0.845375 0.557316 0.000000  
0.005451 0.397183 -1.601818 1.000000  
0.596489 -0.351930 0.721350 0.000000  
0.784303 0.446494 -0.430711 0.000000  
-0.175204 0.845375 0.557316 0.000000  
0.005451 0.397182 -1.601818 1.000000  
0.997961 0.049774 0.039954 0.000000  
0.021193 0.332047 -0.943025 0.000000  
-0.061867 0.967944 0.339431 0.000000  
-0.290215 -0.336899 0.120334 1.000000  
-0.061049 0.927029 0.369987 0.000000  
-0.018624 -0.371672 0.928177 0.000000  
0.997961 0.049774 0.039955 0.000000  
-0.844550 8.647911 2.773012 1.000000  
0.643229 0.129293 0.754678 0.000000  
0.605546 0.517297 -0.604745 0.000000  
-0.481514 0.869329 0.261470 0.000000  
1.991311 0.111798 0.319370 1.000000  
-0.834400 -0.302420 0.460781 0.000000  
0.526710 -0.191283 0.828244 0.000000  
-0.166818 0.959554 0.327695 0.000000  
1.081054 0.254411 -0.725034 1.000000  
-0.995632 0.048800 0.079590 0.000000  
0.022221 -0.704143 0.709710 0.000000  
0.093179 0.727928 0.719301 0.000000  
0.382525 1.273100 -2.041326 1.000000  
-0.938611 0.273759 0.209918 0.000000  
0.220353 0.007574 0.975391 0.000000  
0.272757 0.988311 -0.069294 0.000000  
-0.644504 -0.787487 0.939634 1.000000  
-0.929384 0.124735 0.347398 0.000000  
0.369109 0.318271 0.873191 0.000000  
-0.001695 0.965692 -0.351271 0.000000  
0.446554 -0.427536 1.829843 1.000000  
-0.671084 0.465668 0.576888 0.000000  
0.740778 0.452549 0.496434 0.000000  
-0.030722 0.781483 -0.666556 0.000000  
-0.178897 -0.613928 2.542377 1.000000  
-0.715574 -0.308154 0.626893 0.000000  
0.332254 0.639275 0.693495 0.000000  
-0.614460 0.704535 -0.355063 0.000000  
-2.121460 3.787368 1.582015 1.000000  
-0.962783 -0.151046 0.224132 0.000000  
0.210645 0.100251 0.972409 0.000000  
-0.174021 1.010570 -0.066488 0.000000  
1.268317 0.298157 0.888641 1.000000  
-0.058550 -0.968023 0.243934 0.000000  
-0.013519 0.245099 0.969404 0.000000  
-1.025740 0.054936 -0.028195 0.000000  
2.005091 6.566955 0.675878 1.000000  
0.642343 -0.766151 0.020199 0.000000  
0.766376 0.641813 -0.027259 0.000000  
0.007920 0.032990 0.999424 0.000000  
-2.149091 3.750089 1.504806 1.000000  
-0.923643 -0.325604 0.202151 0.000000  
0.153455 0.169134 0.973573 0.000000  
-0.360882 0.955928 -0.109186 0.000000  
1.943232 1.002184 1.126605 1.000000  
0.025200 -0.994304 0.103553 0.000000  
0.109528 0.105708 0.988347 0.000000  
-1.021087 -0.013939 0.114648 0.000000  
1.697405 6.942872 0.528329 1.000000  
0.732865 -0.677836 -0.058703 0.000000  
0.657137 0.727553 -0.197072 0.000000  
0.176292 0.105851 0.978630 0.000000  
-2.133071 3.788830 1.736945 1.000000  
-0.099742 -0.089998 0.990935 0.000000  
0.975168 -0.206755 0.079377 0.000000  
0.203194 1.001131 0.111377 0.000000  
-1.998798 -0.136001 0.671476 1.000000  
0.604988 -0.421672 0.675412 0.000000  
0.787139 0.444580 -0.427505 0.000000  
-0.123320 0.812088 0.617463 0.000000  
-0.314469 0.589722 -1.983715 1.000000  
0.733437 0.412167 0.540544 0.000000  
0.495579 0.220061 -0.840223 0.000000  
-0.478105 0.908533 -0.044044 0.000000  
2.069662 0.668559 2.148308 1.000000  
0.942994 0.298147 0.147888 0.000000  
0.250287 -0.342423 -0.905595 0.000000  
-0.225414 0.915574 -0.408496 0.000000  
1.289835 0.875707 3.445691 1.000000  
0.096781 0.957531 -0.271602 0.000000  
0.409910 0.210320 0.887546 0.000000  
0.932007 -0.202673 -0.382417 0.000000  
-5.921639 7.084903 1.363966 1.000000  
0.332371 0.876247 -0.348885 0.000000  
0.574809 0.105078 0.811513 0.000000  
0.768381 -0.483244 -0.481686 0.000000  
-4.701411 8.108907 1.619435 1.000000  
-0.446246 0.744978 -0.495856 0.000000  
0.835700 0.545099 0.066874 0.000000  
0.328944 -0.395156 -0.889721 0.000000  
-5.044995 7.340537 2.978717 1.000000  
-0.186152 -0.477325 0.858783 0.000000  
0.955490 0.115667 0.271405 0.000000  
0.228882 -0.871081 -0.434547 0.000000  
-2.442884 3.747657 0.884070 1.000000  
0.712170 0.496360 -0.496428 0.000000  
0.527828 0.087617 0.844820 0.000000  
0.475603 -0.887519 -0.205103 0.000000  
-2.330121 8.635844 0.008163 1.000000  
0.561678 -0.708118 -0.427886 0.000000  
0.455628 -0.166946 0.874375 0.000000  
-0.709653 -0.705008 0.235185 0.000000  
1.986969 4.323272 -1.557954 1.000000  
-0.007341 0.999944 -0.007556 0.000000  
0.936904 0.004237 -0.349561 0.000000  
0.349510 0.009645 0.936883 0.000000  
-2.461632 3.815316 0.856811 1.000000  
0.891759 0.343397 -0.294693 0.000000  
0.337444 -0.070751 0.938683 0.000000  
0.309812 -0.962367 -0.183910 0.000000  
-1.039555 8.557796 0.459253 1.000000  
0.874999 -0.383895 -0.294960 0.000000  
0.290908 -0.070074 0.954181 0.000000  
-0.397654 -0.946123 0.051753 0.000000  
1.752338 6.270414 -0.488625 1.000000  
-0.334161 0.935003 0.118768 0.000000  
0.888011 0.354557 -0.292789 0.000000  
0.315869 -0.007629 0.948772 0.000000  
-2.429974 3.786422 1.066816 1.000000  
0.682701 0.627722 -0.374010 0.000000  
-0.637196 0.761962 0.115735 0.000000  
0.367500 0.163701 0.945569 0.000000  
-0.308468 5.892461 -10.288078 1.000000  
0.996186 0.072185 0.049015 0.000000  
0.040149 0.119520 -0.992019 0.000000  
-0.077467 0.990204 0.116166 0.000000  
-5.818431 4.175209 -10.316313 1.000000  
0.718364 -0.071253 0.692009 0.000000  
0.658471 0.390561 -0.643334 0.000000  
-0.230625 0.943145 0.336521 0.000000  
0.431350 0.062828 -0.092523 1.000000  
0.701636 -0.461252 0.543096 0.000000  
0.684651 0.225283 -0.693181 0.000000  
0.202829 0.881876 0.486941 0.000000  
-1.945709 0.500143 -0.919556 1.000000  
0.440872 -0.625307 0.643912 0.000000  
0.612258 -0.315072 -0.725168 0.000000  
0.674444 0.733650 0.250675 0.000000  
-3.467526 2.394545 0.014477 1.000000  
0.433079 -0.202527 0.878308 0.000000  
0.821572 -0.312121 -0.477074 0.000000  
0.380991 0.953820 0.032078 0.000000  
-3.308512 0.741331 -0.750782 1.000000  
0.824243 -0.104308 0.556545 0.000000  
0.563759 0.242994 -0.789385 0.000000  
-0.054358 0.991018 0.266241 0.000000  
-0.450405 -0.213370 0.369759 1.000000  
0.839960 0.193354 0.507031 0.000000  
0.542475 -0.275627 -0.793568 0.000000  
-0.014066 0.967604 -0.345689 0.000000  
-0.558510 1.276963 2.891862 1.000000  
0.918867 0.210426 0.333773 0.000000  
0.390249 -0.359848 -0.847476 0.000000  
-0.059831 0.934057 -0.424163 0.000000  
0.297144 1.712920 2.911474 1.000000  
0.870568 0.342164 0.353604 0.000000  
0.491983 -0.593589 -0.636871 0.000000  
-0.008240 0.748509 -0.704005 0.000000  
-0.692811 1.041305 3.565836 1.000000  
0.905901 0.347045 0.242697 0.000000  
0.171674 0.222943 -0.959596 0.000000  
-0.397814 0.936104 0.146316 0.000000  
0.195667 0.145011 2.349350 1.000000  
0.982755 -0.001541 0.184907 0.000000  
0.184909 0.001043 -0.982755 0.000000  
0.001358 1.027595 0.001346 0.000000  
0.111567 0.667708 2.424113 1.000000  
0.982757 -0.001528 0.184896 0.000000  
0.184897 0.001061 -0.982757 0.000000  
0.001342 1.027595 0.001362 0.000000  
0.111559 0.667690 2.424135 1.000000  
-0.105691 -0.001180 0.994398 0.000000  
0.001306 0.999998 0.001325 0.000000  
0.994398 -0.001439 0.105689 0.000000  
1.132075 0.097189 2.588814 1.000000  
0.862900 -0.199998 0.464116 0.000000  
0.345857 -0.435920 -0.830877 0.000000  
0.378661 0.901698 -0.315456 0.000000  
-2.030743 0.440537 2.058130 1.000000  
0.784672 -0.249952 0.567285 0.000000  
0.582252 0.611258 -0.536047 0.000000  
-0.218643 0.771648 0.642425 0.000000  
-1.183089 -0.079196 0.222078 1.000000  
0.860396 -0.000621 0.509626 0.000000  
0.509626 0.000101 -0.860396 0.000000  
0.000497 1.027597 0.000414 0.000000  
-1.048544 0.671242 0.433358 1.000000  
0.860396 -0.000621 0.509625 0.000000  
0.509626 0.000101 -0.860396 0.000000  
0.000497 1.027597 0.000414 0.000000  
-1.048544 0.671242 0.433358 1.000000  
-0.576816 -0.000051 0.816874 0.000000  
0.000483 1.000000 0.000403 0.000000  
-0.816873 0.000627 -0.576816 0.000000  
-1.925310 0.102938 -0.116531 1.000000  
0.823624 0.096682 0.558835 0.000000  
0.566404 -0.090175 -0.819180 0.000000  
-0.029602 1.018577 -0.132592 0.000000  
-0.637646 -0.198954 1.491066 1.000000  
1.000000 0.000000 0.000000 0.000000  
0.000000 1.000000 0.000000 0.000000  
0.000000 0.000000 1.000000 0.000000  
0.000000 0.000000 0.000000 1.000000  
1.000000 0.000000 0.000000 0.000000  
0.000000 0.000000 -1.000000 0.000000  
0.000000 1.027597 0.000000 0.000000  
0.000006 0.671671 0.968041 1.000000  
-0.567070 -0.131465 0.813111 0.000000  
0.819065 0.014241 0.573524 0.000000  
-0.086978 0.991219 0.099603 0.000000  
-0.433529 3.653469 0.491137 1.000000  
1.000000 -0.000022 0.000156 0.000000  
0.000156 -0.000079 -1.000000 0.000000  
0.000022 1.000000 -0.000079 0.000000  
-0.433550 0.050789 0.490907 1.000000  
0.819064 0.014242 0.573526 0.000000  
0.567071 0.131466 -0.813110 0.000000  
-0.089380 1.018573 0.102352 0.000000  
-0.403875 -0.250606 0.545745 1.000000  
0.783482 -0.328391 0.527556 0.000000  
0.619856 0.473079 -0.626079 0.000000  
-0.045191 0.840092 0.590050 0.000000  
-0.617368 0.343086 -1.619004 1.000000  
0.596837 -0.357981 0.718077 0.000000  
0.776783 0.481970 -0.405356 0.000000  
-0.206529 0.821791 0.581343 0.000000  
0.129432 0.431954 -1.677795 1.000000  
0.596837 -0.357981 0.718077 0.000000  
0.776783 0.481970 -0.405356 0.000000  
-0.206529 0.821791 0.581343 0.000000  
0.129432 0.431954 -1.677796 1.000000  
0.995966 0.065406 0.061421 0.000000  
0.032406 0.376118 -0.926005 0.000000  
-0.085977 0.949767 0.382761 0.000000  
-0.224286 -0.342462 -0.076895 1.000000  
-0.084966 0.907489 0.411394 0.000000  
-0.028832 -0.414953 0.909386 0.000000  
0.995967 0.065406 0.061422 0.000000  
-0.993266 8.497275 2.979000 1.000000  
0.630205 0.123098 0.766608 0.000000  
0.597556 0.553527 -0.580115 0.000000  
-0.509431 0.846415 0.282874 0.000000  
2.097216 0.142027 0.256984 1.000000  
-0.836754 -0.342968 0.426867 0.000000  
0.513531 -0.220905 0.829148 0.000000  
-0.195320 0.938199 0.370930 0.000000  
1.186731 0.335281 -0.875861 1.000000  
-0.997250 0.000434 0.074111 0.000000  
0.051006 -0.721476 0.690558 0.000000  
0.055253 0.711548 0.739326 0.000000  
0.503768 1.331567 -2.102983 1.000000  
-0.952444 0.228452 0.201644 0.000000  
0.197272 -0.042056 0.979446 0.000000  
0.238646 0.999489 -0.005149 0.000000  
-0.482779 -0.839870 0.680253 1.000000  
-0.941064 0.072028 0.330469 0.000000  
0.337111 0.279044 0.899161 0.000000  
-0.028208 0.984000 -0.294797 0.000000  
0.573732 -0.495351 1.617022 1.000000  
-0.700554 0.407615 0.585725 0.000000  
0.712355 0.447922 0.540293 0.000000  
-0.043290 0.817709 -0.620834 0.000000  
-0.060974 -0.744668 2.301583 1.000000  
-0.718392 -0.368880 0.589781 0.000000  
0.292934 0.608573 0.737447 0.000000  
-0.630954 0.702543 -0.329136 0.000000  
-2.137458 3.635785 1.548523 1.000000  
-0.961678 -0.197036 0.190665 0.000000  
0.184317 0.050246 0.981582 0.000000  
-0.208589 1.006129 -0.012335 0.000000  
1.390517 0.312196 0.740371 1.000000  
-0.029410 -0.982106 0.186018 0.000000  
-0.044772 0.187206 0.981300 0.000000  
-1.026122 0.021098 -0.050842 0.000000  
1.906576 6.604350 0.908961 1.000000  
0.668784 -0.743414 -0.007919 0.000000  
0.743275 0.668347 0.029228 0.000000  
-0.016436 -0.025434 0.999541 0.000000  
-2.161937 3.602168 1.468616 1.000000  
-0.915800 -0.368551 0.159625 0.000000  
0.124679 0.116929 0.985283 0.000000  
-0.392328 0.947675 -0.062820 0.000000  
2.034033 1.023904 1.035583 1.000000  
0.058460 -0.997206 0.046511 0.000000  
0.082727 0.051269 0.995252 0.000000  
-1.022311 -0.055835 0.087853 0.000000  
1.589098 6.977442 0.775672 1.000000  
0.757883 -0.647556 -0.079276 0.000000  
0.634995 0.760082 -0.138047 0.000000  
0.149649 0.054284 0.987248 0.000000  
-2.152702 3.627757 1.702936 1.000000  
-0.118311 -0.141413 0.982856 0.000000  
0.977737 -0.189338 0.090452 0.000000  
0.178083 0.998491 0.165100 0.000000  
-1.911922 -0.190705 0.431749 1.000000  
0.608984 -0.423981 0.670357 0.000000  
0.778641 0.480640 -0.403364 0.000000  
-0.155354 0.788794 0.640020 0.000000  
-0.184806 0.623109 -2.050255 1.000000  
0.711910 0.410284 0.569957 0.000000  
0.502814 0.268798 -0.821539 0.000000  
-0.503798 0.895493 -0.015350 0.000000  
2.135878 0.633185 2.069873 1.000000  
0.930433 0.319861 0.178838 0.000000  
0.277022 -0.294431 -0.914642 0.000000  
-0.246524 0.925408 -0.372562 0.000000  
1.332045 0.760906 3.353444 1.000000  
0.066544 0.974360 -0.214929 0.000000  
0.380691 0.174318 0.908123 0.000000  
0.947758 -0.146177 -0.369247 0.000000  
-6.054406 6.798454 1.418731 1.000000  
0.306808 0.906321 -0.290605 0.000000  
0.551218 0.079709 0.830545 0.000000  
0.797318 -0.426457 -0.488237 0.000000  
-4.880420 7.850369 1.762296 1.000000  
-0.462583 0.755127 -0.464544 0.000000  
0.812517 0.570734 0.118656 0.000000  
0.364521 -0.331464 -0.901783 0.000000  
-5.226212 6.993689 3.067139 1.000000  
-0.187887 -0.532002 0.825635 0.000000  
0.943766 0.135036 0.301781 0.000000  
0.272039 -0.835906 -0.476713 0.000000  
-2.440673 3.624027 0.841500 1.000000  
0.704164 0.549668 -0.449465 0.000000  
0.504169 0.058664 0.861610 0.000000  
0.513765 -0.856319 -0.242324 0.000000  
-2.493847 8.555021 0.244200 1.000000  
0.598133 -0.661473 -0.452427 0.000000  
0.441053 -0.199649 0.874993 0.000000  
-0.687576 -0.742857 0.177084 0.000000  
2.020006 4.500205 -1.450455 1.000000  
-0.045276 0.997804 0.048334 0.000000  
0.943993 0.058564 -0.324727 0.000000  
0.326845 -0.030925 0.944572 0.000000  
-2.461343 3.692395 0.817609 1.000000  
0.884679 0.392159 -0.252101 0.000000  
0.317814 -0.111682 0.941553 0.000000  
0.350496 -0.938292 -0.229603 0.000000  
-1.212165 8.498857 0.723024 1.000000  
0.895667 -0.334061 -0.293572 0.000000  
0.270936 -0.113599 0.955871 0.000000  
-0.362401 -0.961503 -0.011548 0.000000  
1.686334 6.373313 -0.279982 1.000000  
-0.372251 0.913809 0.162428 0.000000  
0.880464 0.403047 -0.249671 0.000000  
0.293618 -0.050072 0.954611 0.000000  
-2.433535 3.652764 1.026403 1.000000  
0.666850 0.672670 -0.320666 0.000000  
-0.668316 0.730206 0.141959 0.000000  
0.338741 0.122943 0.962338 0.000000  
-0.128442 6.478934 -10.134651 1.000000  
0.991288 0.105821 0.078415 0.000000  
0.058791 0.177249 -0.982408 0.000000  
-0.117859 0.978460 0.169483 0.000000  
-5.566741 4.564800 -10.399827 1.000000  
0.708530 -0.079229 0.701219 0.000000  
0.657326 0.435596 -0.614963 0.000000  
-0.263810 0.921394 0.370668 0.000000  
0.553597 0.074068 -0.222740 1.000000  
0.709499 -0.456035 0.537256 0.000000  
0.686300 0.274039 -0.673717 0.000000  
0.164426 0.870087 0.521410 0.000000  
-1.792831 0.457211 -1.045087 1.000000  
0.451395 -0.634000 0.627922 0.000000  
0.631248 -0.270483 -0.726887 0.000000  
0.648094 0.744481 0.285792 0.000000  
-3.402952 2.281718 -0.059414 1.000000  
0.431704 -0.182345 0.883392 0.000000  
0.854783 -0.230054 -0.465209 0.000000  
0.296006 0.982323 0.058110 0.000000  
-3.091080 0.376734 -0.894386 1.000000  
0.822228 -0.097186 0.560799 0.000000  
0.561072 0.303891 -0.769966 0.000000  
-0.098230 0.973891 0.312797 0.000000  
-0.257327 -0.234387 0.168365 1.000000  
0.827663 0.203905 0.522872 0.000000  
0.559199 -0.220535 -0.799162 0.000000  
-0.048956 0.980150 -0.304737 0.000000  
-0.454259 1.146806 2.777780 1.000000  
0.929471 0.214531 0.300099 0.000000  
0.362909 -0.385821 -0.848197 0.000000  
-0.068006 0.922046 -0.448511 0.000000  
0.529870 1.925918 2.859774 1.000000  
0.854461 0.351934 0.382150 0.000000  
0.519409 -0.593620 -0.614678 0.000000  
0.010816 0.743683 -0.709066 0.000000  
-0.772531 1.010100 3.585861 1.000000  
0.894203 0.359359 0.266949 0.000000  
0.178096 0.261522 -0.948624 0.000000  
-0.422044 0.920527 0.174541 0.000000  
0.204351 0.104764 2.320757 1.000000  
0.982718 -0.000381 0.185107 0.000000  
0.185107 0.000261 -0.982718 0.000000  
0.000335 1.027597 0.000336 0.000000  
0.114195 0.671032 2.427823 1.000000  
0.982719 -0.000374 0.185101 0.000000  
0.185101 0.000271 -0.982719 0.000000  
0.000326 1.027597 0.000345 0.000000  
0.114191 0.671023 2.427835 1.000000  
-0.105897 -0.000300 0.994377 0.000000  
0.000317 1.000000 0.000336 0.000000  
0.994377 -0.000351 0.105896 0.000000  
1.135235 0.101694 2.593291 1.000000  
0.863000 -0.208378 0.460228 0.000000  
0.335613 -0.444447 -0.830560 0.000000  
0.388039 0.895275 -0.322279 0.000000  
-2.053675 0.415492 2.097445 1.000000  
0.782414 -0.260448 0.565680 0.000000  
0.582512 0.627319 -0.516867 0.000000  
-0.226323 0.754174 0.660269 0.000000  
-1.184468 -0.102856 0.206140 1.000000  
0.860338 -0.000159 0.509724 0.000000  
0.509724 0.000007 -0.860338 0.000000  
0.000137 1.027597 0.000090 0.000000  
-1.047629 0.671692 0.434894 1.000000  
0.860338 -0.000159 0.509723 0.000000  
0.509724 0.000007 -0.860338 0.000000  
0.000137 1.027597 0.000090 0.000000  
-1.047629 0.671692 0.434894 1.000000  
-0.576909 0.000006 0.816808 0.000000  
0.000133 1.000000 0.000087 0.000000  
-0.816808 0.000159 -0.576909 0.000000  
-1.924133 0.102907 -0.114915 1.000000  
0.818163 0.141852 0.557214 0.000000  
0.570934 -0.085563 -0.816525 0.000000  
-0.070030 1.013399 -0.155159 0.000000  
-0.484027 -0.266216 1.620668 1.000000  
1.000000 0.000000 0.000000 0.000000  
0.000000 1.000000 0.000000 0.000000  
0.000000 0.000000 1.000000 0.000000  
0.000000 0.000000 0.000000 1.000000  
1.000000 0.000000 0.000000 0.000000  
0.000000 0.000000 -1.000000 0.000000  
0.000000 1.027597 0.000000 0.000000  
0.000006 0.671671 0.968041 1.000000  
-0.578261 -0.168756 0.798207 0.000000  
0.807503 0.021217 0.589481 0.000000  
-0.116414 0.985430 0.124002 0.000000  
-0.429377 3.601848 0.512450 1.000000  
1.000000 -0.000079 -0.000200 0.000000  
-0.000200 0.000280 -1.000000 0.000000  
0.000079 1.000000 0.000280 0.000000  
-0.428922 0.048638 0.512522 1.000000  
0.807502 0.021218 0.589483 0.000000  
0.578262 0.168757 -0.798206 0.000000  
-0.119629 1.012625 0.127424 0.000000  
-0.291947 -0.300009 0.464649 1.000000  
0.782348 -0.320899 0.533811 0.000000  
0.618006 0.506532 -0.601243 0.000000  
-0.079592 0.822366 0.611012 0.000000  
-0.481467 0.345630 -1.687424 1.000000  
0.593077 -0.360699 0.719830 0.000000  
0.770478 0.513774 -0.377359 0.000000  
-0.240167 0.799898 0.598697 0.000000  
0.263534 0.456449 -1.729354 1.000000  
0.593077 -0.360699 0.719830 0.000000  
0.770478 0.513774 -0.377359 0.000000  
-0.240167 0.799898 0.598697 0.000000  
0.263534 0.456449 -1.729354 1.000000  
0.992939 0.079346 0.088188 0.000000  
0.047476 0.415471 -0.908367 0.000000  
-0.111715 0.931146 0.420051 0.000000  
-0.154257 -0.343744 -0.252669 1.000000  
-0.110629 0.887716 0.446902 0.000000  
-0.042827 -0.453503 0.890225 0.000000  
0.992939 0.079346 0.088189 0.000000  
-1.150911 8.344646 3.151646 1.000000  
0.613473 0.119788 0.780578 0.000000  
0.591313 0.585487 -0.554575 0.000000  
-0.537895 0.823910 0.296305 0.000000  
2.201955 0.170317 0.228650 1.000000  
-0.840159 -0.379299 0.387640 0.000000  
0.496017 -0.248357 0.832037 0.000000  
-0.225370 0.915918 0.407749 0.000000  
1.299108 0.417661 -0.997966 1.000000  
-0.996926 -0.048567 0.061477 0.000000  
0.077397 -0.732286 0.676585 0.000000  
0.012494 0.698009 0.754045 0.000000  
0.642360 1.376618 -2.141103 1.000000  
-0.964884 0.185824 0.185655 0.000000  
0.171365 -0.090360 0.981055 0.000000  
0.204573 1.005421 0.056870 0.000000  
-0.323378 -0.875818 0.435892 1.000000  
-0.951768 0.022890 0.305965 0.000000  
0.302376 0.239092 0.922716 0.000000  
-0.053469 0.997517 -0.240952 0.000000  
0.694437 -0.550174 1.421009 1.000000  
-0.729975 0.351293 0.586285 0.000000  
0.681462 0.439853 0.584926 0.000000  
-0.053845 0.849321 -0.575943 0.000000  
0.049845 -0.857832 2.071764 1.000000  
-0.721505 -0.424383 0.547111 0.000000  
0.251519 0.575545 0.778130 0.000000  
-0.645112 0.699033 -0.308518 0.000000  
-2.152716 3.488276 1.499638 1.000000  
-0.959337 -0.238459 0.151031 0.000000  
0.155223 0.001210 0.987879 0.000000  
-0.242257 0.997953 0.036843 0.000000  
1.507275 0.331195 0.614615 1.000000  
-0.001143 -0.991410 0.130787 0.000000  
-0.078294 0.130475 0.988356 0.000000  
-1.024442 -0.009362 -0.079917 0.000000  
1.804211 6.617483 1.144093 1.000000  
0.693638 -0.719739 -0.029008 0.000000  
0.719023 0.689406 0.087891 0.000000  
-0.043260 -0.081823 0.995708 0.000000  
-2.173813 3.458405 1.417315 1.000000  
-0.906811 -0.406392 0.111977 0.000000  
0.093274 0.065614 0.993476 0.000000  
-0.422433 0.936490 -0.022189 0.000000  
2.117789 1.045759 0.967406 1.000000  
0.091023 -0.995826 -0.006681 0.000000  
0.053318 -0.001826 0.998576 0.000000  
-1.021864 -0.093768 0.054390 0.000000  
1.478048 6.986960 1.022192 1.000000  
0.781370 -0.617202 -0.092322 0.000000  
0.612365 0.786796 -0.077215 0.000000  
0.120295 0.003799 0.992731 0.000000  
-2.171952 3.471133 1.652857 1.000000  
-0.141254 -0.188956 0.971773 0.000000  
0.978866 -0.173297 0.108588 0.000000  
0.151968 0.993248 0.215222 0.000000  
-1.821024 -0.231218 0.198646 1.000000  
0.609095 -0.422729 0.671046 0.000000  
0.771197 0.513147 -0.376741 0.000000  
-0.190194 0.767594 0.656186 0.000000  
-0.041849 0.643694 -2.093889 1.000000  
0.686928 0.409107 0.600635 0.000000  
0.512771 0.312815 -0.799507 0.000000  
-0.529183 0.880848 0.005244 0.000000  
2.195979 0.606133 2.021289 1.000000  
0.915666 0.340368 0.213790 0.000000  
0.307255 -0.249818 -0.918251 0.000000  
-0.266286 0.931516 -0.342529 0.000000  
1.364192 0.661265 3.282515 1.000000  
0.035905 0.986136 -0.162011 0.000000  
0.347711 0.139659 0.927142 0.000000  
0.962770 -0.092096 -0.347201 0.000000  
-6.179907 6.509525 1.414957 1.000000  
0.280629 0.930921 -0.233737 0.000000  
